100
39.4611 47.62
46.217 43.9279
30.579 54.901
22.9667 52.6736
23.3252 18.2549
74.4409 6.89082
4.14327 40.663
3.85577 80.8182
21.0855 23.514
28.6779 52.5137
55.5918 72.7156
49.9888 72.9878
12.7984 17.5706
54.6535 22.6231
87.4252 21.4047
38.2366 27.9236
49.9277 51.2153
67.3656 39.9993
96.4625 19.0371
50.0861 61.6878
49.0861 87.3951
23.4612 58.1716
99.3026 36.8508
17.6855 0.99858
41.1716 55.5476
99.4923 71.6531
33.1364 82.1192
53.0742 68.6787
40.3458 51.8521
92.4926 99.9499
33.2328 40.7783
91.1463 98.9517
36.3534 94.1464
60.474 1.35644
90.2926 75.984
85.6594 95.7234
62.5971 44.9542
88.7732 41.5533
50.6984 39.3818
97.8484 65.1495
14.5368 6.71264
65.6675 83.5405
6.70527 75.4252
92.8465 25.092
86.8003 4.73124
65.7596 44.118
42.0749 48.2869
68.2591 47.2273
94.1744 63.2138
89.6512 6.06021
20.8631 25.7043
4.1991 90.0044
21.3481 16.8106
15.0427 51.7624
69.5673 74.6829
4.95787 12.0203
56.8139 49.2593
12.1096 41.2445
26.4547 6.82172
63.9078 47.3224
19.4613 22.395
91.6203 0.510524
59.0443 53.946
62.9842 91.7355
7.49275 1.32161
50.1023 71.8269
82.8851 83.743
60.3954 20.2974
65.9899 49.643
29.2802 49.2619
63.3754 20.2857
20.6065 79.2767
41.7142 48.3129
7.05011 49.0856
22.9944 98.0189
80.5506 85.9004
60.6267 71.5413
80.5315 43.027
33.8732 38.8491
41.1492 32.2172
35.1234 57.045
42.9027 8.58707
68.3384 60.4826
61.7508 36.6192
3.10207 70.8211
69.0358 49.583
55.1947 97.8108
64.6444 22.9843
38.3114 44.4666
25.3456 86.3224
3.19648 39.8559
89.2498 7.65756
20.6858 71.339
7.50885 57.52
78.6283 95.6282
35.6061 65.9923
76.3439 60.1227
75.6301 78.7467
30.5328 19.7909
76.0395 31.8818
