1000
90.0236 86.6721
42.9632 23.1574
91.8826 59.407
92.7159 75.597
23.1278 21.8191
96.3856 18.1314
71.8728 52.8725
40.7285 21.1515
60.6423 78.1334
40.756 57.0878
71.3386 65.8104
62.1854 83.614
35.2002 53.2481
98.4028 89.1294
29.9205 47.0382
23.0875 88.5142
41.7809 11.4095
89.707 7.86242
97.2477 16.4844
70.1375 53.4725
98.0473 72.8067
42.8941 77.6224
83.3972 89.0269
20.358 57.2478
75.95 24.7768
89.4091 52.8604
76.3482 37.084
11.9686 4.0708
89.2839 73.3013
28.8789 21.209
54.4815 86.9217
10.1736 91.9021
67.4626 2.36917
55.8777 74.7226
28.097 48.94
42.5298 15.6298
67.4427 5.39749
52.3088 17.7745
13.327 83.8731
42.7043 86.1445
47.714 42.0851
54.9517 88.2189
45.4479 69.8708
54.5966 0.722197
73.7946 61.0481
90.6871 38.8715
60.8833 9.96188
78.1104 34.5607
44.5135 44.0801
46.1769 93.0917
81.246 66.7996
94.8767 76.3798
72.3847 19.4582
34.5781 44.7237
5.03383 9.62478
22.2141 69.8954
83.3323 18.0402
84.8482 79.0726
16.2972 36.3022
92.6372 6.24731
83.5279 72.706
79.0978 34.5094
75.9367 95.9854
37.5236 67.6974
21.8798 34.6217
62.1838 49.2533
32.1076 89.3981
47.6587 27.4808
8.84296 50.6186
17.5622 9.80004
89.9786 77.9989
75.0078 88.3947
18.3589 28.3438
12.4762 4.0355
77.0835 18.3927
75.5533 34.565
53.2731 10.6882
67.8773 28.6855
77.1842 15.4378
95.0775 40.727
6.10579 85.8319
16.9826 25.0125
71.2027 31.9842
75.0784 6.41382
17.7007 84.4424
0.73458 58.8087
94.6199 94.5956
97.7832 29.0546
30.07 91.3421
77.795 16.9461
2.07925 33.7733
47.3487 49.269
70.855 94.1978
12.8544 27.8788
42.8806 29.0879
5.91859 82.667
33.8105 85.6989
54.9402 70.5799
63.6053 93.8484
6.42872 14.322
57.386 43.8228
41.7283 29.3825
23.3158 24.7266
87.7655 21.72
47.5501 40.6067
2.64768 49.338
10.5574 10.7121
46.3553 29.5293
42.9647 96.4161
90.1478 95.8067
66.2336 93.3779
80.3735 41.8198
89.7758 42.8907
76.7714 1.0867
94.9036 3.11843
4.49569 62.1877
1.03006 22.3768
69.0218 24.9312
27.5898 95.6793
14.7987 59.4318
84.3179 3.9365
33.8119 0.752769
49.9444 79.6732
14.8634 12.9683
46.2074 10.4482
90.3068 1.95851
50.0019 18.8726
11.5716 57.4425
27.5256 66.732
89.3538 50.0055
79.6318 68.7002
85.4238 93.1864
28.2989 87.4319
89.9453 20.965
87.8653 93.5131
16.282 91.8377
82.2737 59.989
71.7556 0.254871
63.1914 42.8235
78.1163 90.5929
96.1756 55.4387
55.7103 12.1243
67.0973 31.2316
69.0494 19.5132
50.3802 23.737
94.2049 18.814
42.9711 98.6472
14.0173 96.722
9.16768 61.9715
56.1285 75.2198
93.9554 90.3104
98.5425 28.8215
62.3477 91.9
27.4549 4.46201
46.2899 74.1779
33.5786 40.8792
12.8609 57.9967
85.8649 50.5963
31.9934 55.2251
24.4681 75.6494
23.6085 88.025
48.4784 15.2802
83.3968 29.3803
68.7883 54.8568
24.8189 62.5235
30.1601 49.2564
38.7124 93.9385
57.0364 32.0904
4.27311 94.9521
69.1783 2.65446
3.60713 80.3413
41.1087 88.2421
90.0492 99.9373
44.0048 4.46809
45.379 90.5969
7.57356 34.7107
94.0845 90.0898
43.4765 57.1188
4.46931 55.8988
93.7455 74.6255
92.9145 87.7801
81.6333 96.0823
93.2222 65.6631
69.6478 84.0034
20.0268 8.55953
7.32926 60.4063
93.9379 5.67946
91.181 15.2801
90.583 15.2002
70.2637 69.8817
40.2349 99.13
76.2999 58.8581
25.1792 79.042
46.4729 83.9845
71.3073 50.4439
46.3114 84.1351
35.9524 40.4423
4.37166 80.344
43.1646 84.8743
34.5161 16.6243
19.7692 17.2807
22.2676 6.86103
8.56628 44.4816
27.8925 1.38656
40.3832 28.0766
42.3797 71.4498
44.2051 71.0365
34.0733 11.7613
49.551 75.5135
22.4573 18.6667
20.7371 62.1889
12.9272 70.1572
13.6138 75.1677
27.8427 95.1906
5.71279 46.279
35.0302 87.6038
8.93526 1.69044
34.6825 64.9218
20.6975 77.7544
37.1653 38.9967
28.4176 27.792
96.2595 69.0622
64.5257 72.6963
58.0279 65.9365
45.5159 40.0066
96.3213 8.77435
66.2833 49.4701
93.3136 66.5603
81.6488 46.0374
49.4152 5.95159
23.1355 33.822
32.8899 96.3893
58.2351 29.1815
82.7668 55.5933
13.3465 44.5953
50.3034 77.9106
90.9698 67.7443
65.4838 0.795688
29.2848 87.0477
90.8244 1.33137
1.40523 79.4469
3.30987 12.5707
75.5401 98.5648
25.751 60.6438
91.109 98.9649
0.703919 51.5723
54.7377 41.6603
2.80473 18.9338
67.8756 21.3781
49.56 99.8771
54.1084 89.7827
2.5787 40.3138
5.2806 66.4271
16.7024 86.1071
22.2288 72.2187
43.215 74.552
11.0786 57.6026
54.0613 70.9947
73.4711 10.9408
65.6228 3.95209
92.3157 73.437
23.4299 18.6113
74.3825 3.39711
3.61723 21.1098
96.9801 7.75689
67.264 19.2522
24.3915 60.1698
37.7795 92.1106
6.86881 99.6016
20.8262 65.351
44.2387 71.7303
90.3658 15.4078
65.2649 34.9409
5.19249 46.8243
10.0087 88.1044
12.5373 81.1976
76.0234 35.756
86.6495 80.8613
9.56945 9.198
23.2821 81.8735
85.4138 11.2619
45.0154 41.2631
78.2201 55.2756
78.6363 15.0036
15.285 31.6733
74.6634 99.321
30.958 81.5921
19.6951 85.7915
23.394 3.71203
16.9769 52.4592
26.9826 36.4636
84.3341 50.8015
4.18661 70.1686
74.9793 60.7185
54.0785 87.7644
96.2758 26.5843
28.6425 96.3986
98.3203 18.2647
92.0661 17.0607
32.4809 52.3387
30.5525 18.5672
46.0881 98.9733
8.4582 72.9414
57.5575 29.6341
77.0679 63.019
39.3021 96.8838
56.0185 97.9427
91.4991 8.78719
50.3853 61.8375
82.004 12.837
80.0559 29.4852
76.3004 39.0313
22.4294 19.0504
9.01536 65.8442
70.1812 16.5351
67.8268 42.3858
81.1005 65.7669
61.2198 12.7806
5.12349 8.57073
46.5891 99.5244
88.2081 43.3317
68.2797 59.2457
14.3258 37.3638
29.3608 50.3531
49.6078 30.3362
80.644 9.016
30.6884 6.27903
1.90539 48.7921
25.1913 80.1372
61.3956 49.0548
49.959 20.2548
29.4905 44.9963
17.8728 3.9222
29.7179 27.791
28.478 43.8129
34.5666 38.7997
94.55 10.0448
82.4515 12.4407
45.0842 21.9733
4.84806 12.7323
75.5731 34.4603
11.0088 32.1089
88.5658 60.6801
96.8422 98.2368
3.60206 27.5376
67.3549 73.1687
22.0568 70.8551
71.5285 89.3567
60.6268 21.6236
64.3642 53.0006
41.1309 15.0489
47.5036 51.0256
10.0486 64.6945
78.4754 5.16489
35.3308 48.1125
3.79963 16.3851
17.7679 75.1174
8.71667 98.3903
87.5349 98.2773
84.1185 70.6805
68.6007 40.379
31.3485 12.2732
80.0772 24.9378
40.7127 23.888
81.0529 14.2692
99.2477 16.8409
72.4517 25.1961
68.6002 78.0204
45.9072 1.71758
34.0809 22.4032
38.5959 53.7462
47.6612 26.9882
1.99863 43.4009
49.384 92.066
84.4945 85.5784
47.4237 62.0609
16.0733 61.498
75.5969 75.8068
98.8227 50.0531
7.81311 24.0641
1.24574 54.5647
17.5728 76.0256
58.5176 26.1097
50.0403 58.8473
6.48606 11.9719
77.3484 91.3595
47.038 80.8196
19.5564 85.6707
91.7081 26.6926
48.4896 30.1418
49.6352 74.1438
0.524253 77.4743
77.2989 86.9639
90.444 62.774
6.03705 41.4192
86.1622 52.488
57.5021 12.6055
70.5759 85.2361
11.6988 43.1175
60.4198 24.7638
77.8367 41.4012
6.98188 77.11
61.7696 60.7083
49.185 75.3955
69.6591 91.3259
43.1201 18.362
94.6691 13.683
68.6792 86.4852
42.0481 49.0964
20.5366 26.8014
93.8342 79.4817
5.6634 81.1928
9.01103 59.3253
33.2523 19.4757
30.6356 4.33163
12.8431 49.1896
87.2758 57.5008
80.4978 10.422
21.9169 67.813
4.17278 30.9352
80.5804 54.7397
85.5801 36.3391
1.91543 98.513
60.8513 17.9765
69.402 84.4623
5.43435 60.2445
90.1068 75.6981
39.2205 31.2476
22.2402 46.4593
3.21341 89.3329
90.7029 69.1358
55.0919 53.6032
81.1365 22.6118
39.4559 61.6292
8.37801 43.0281
76.5483 44.8271
87.3721 87.8078
52.9833 3.49154
4.74716 30.6067
18.7477 35.0945
29.3541 44.6383
40.9046 16.3531
11.4891 8.95371
55.5394 92.3941
54.2251 63.6729
3.02146 23.1028
92.3297 16.6318
77.204 88.4125
44.0163 53.1438
5.32028 51.3342
96.8728 19.1554
40.344 43.3625
46.9603 37.125
24.8453 91.1545
30.7425 90.5913
14.3705 7.04535
28.7922 6.98987
34.7579 83.3931
66.0893 52.5561
7.52906 23.941
88.4002 72.7775
20.7763 51.8039
92.8216 60.8451
26.2761 67.0899
54.1157 86.371
99.0566 6.3867
23.0577 38.6147
45.7512 31.884
83.327 25.5633
62.6644 17.4265
66.937 74.1258
60.3599 11.2778
72.3422 43.759
62.3228 31.4506
79.8212 30.4319
96.1914 85.6075
38.2262 18.7081
85.1443 5.91728
77.3893 82.8598
1.48713 30.6186
45.6557 70.5936
20.9145 94.362
41.0004 88.5012
5.02421 8.10779
9.96669 5.72327
8.86444 83.2164
85.8384 90.9074
68.3435 33.1005
2.48176 12.1001
32.2509 30.313
19.379 75.4718
34.2803 54.3825
60.929 84.2712
56.6986 2.49176
17.8547 80.5883
38.206 78.815
12.9909 10.4007
23.2634 14.4369
99.9792 48.0354
69.034 76.812
26.9502 47.6449
73.3028 56.075
42.1732 44.3785
90.8417 97.3658
55.2929 78.8152
20.6942 84.1452
2.96163 91.7063
69.6899 84.7601
74.7964 30.7403
85.6786 11.129
38.7507 45.8452
3.24815 73.5167
23.1154 89.6391
26.5925 21.7222
5.63193 58.4054
49.1949 14.168
3.82476 15.1911
32.0521 9.48481
51.5846 2.23192
8.08724 65.1973
60.6753 35.2874
15.8262 84.6517
70.4501 69.7334
68.2183 52.021
75.3882 82.0792
78.8834 85.3158
61.4032 77.575
70.6653 91.1787
81.3449 53.7025
52.5896 95.4446
92.2648 7.33543
47.4302 3.16847
91.3273 64.9551
74.025 61.3879
69.7812 24.6101
53.3729 92.2181
80.0602 4.78775
99.8998 39.6893
76.494 29.3794
83.568 87.855
12.2388 36.236
85.4041 78.6195
53.4582 64.4239
80.2651 74.6197
32.7509 66.8274
48.5195 34.4544
64.6961 46.8793
90.8234 0.243162
96.8641 63.2381
28.9897 8.81406
82.6681 89.4351
68.036 24.5225
91.5631 95.0393
90.1139 70.3433
94.4736 3.01889
61.475 44.0513
92.7702 39.3916
66.8516 62.8464
99.8232 69.8457
62.4875 52.3249
85.1063 43.7921
9.46224 52.314
25.6985 37.3303
64.3383 9.68219
89.6458 71.1292
12.3493 74.5488
0.0854725 87.0906
31.8468 50.2706
4.21745 34.5495
10.88 74.0274
42.9133 69.211
22.8551 89.5241
77.1574 42.0887
20.8276 3.17284
7.53408 35.5667
55.1449 57.5912
38.4299 67.1035
5.27792 14.8295
74.1724 9.00347
37.8317 58.5558
55.5618 66.7709
49.2251 98.7456
91.078 37.0399
51.093 54.5741
55.5394 84.54
87.0651 12.4203
45.4769 88.7668
60.8427 47.4197
1.09298 12.4691
96.2509 63.4306
48.6581 39.6597
1.58801 93.2051
91.3459 54.5665
9.87634 4.89432
6.58254 66.5122
8.82715 8.65794
30.0785 64.2452
5.71984 45.5631
21.5091 79.8134
17.1196 49.2516
15.3464 32.26
35.388 31.4533
60.8318 7.68835
36.8583 24.3755
6.24691 32.6499
26.7833 12.9582
5.57878 76.3671
0.950545 17.5477
5.47551 87.15
59.6945 90.3352
15.8713 94.7029
70.3458 9.26433
96.5322 90.7853
7.60039 37.3052
35.6679 89.1936
54.1986 10.843
45.2752 21.9919
96.6375 53.7011
5.96059 61.7214
60.3687 56.6306
15.543 98.7593
8.52194 27.5258
43.6706 57.4328
59.2931 5.8466
30.4177 13.878
66.4057 82.172
35.65 68.5552
51.0765 17.9406
46.4375 71.079
79.5894 48.7101
11.4304 63.1279
63.107 26.9952
56.3017 74.8449
99.9947 19.0729
41.2452 84.9285
83.4239 5.43859
87.8663 57.9054
80.1504 14.2818
38.1348 88.3348
3.99615 63.118
89.2061 14.516
42.868 86.6448
67.3297 61.1378
6.42854 42.5055
83.5661 4.93641
50.4534 34.8468
82.0922 14.9216
57.3126 78.3818
47.8582 9.75304
4.00657 40.5983
25.8075 58.6936
47.9536 12.2751
9.70913 12.0141
71.2212 58.5441
27.9763 12.7111
30.703 0.690152
20.3644 46.0127
43.7121 34.1735
53.6905 35.8998
10.0958 94.0724
88.1845 7.20854
92.6948 37.9994
51.5886 10.8619
75.4843 78.5937
91.2234 4.0022
56.0369 40.9172
9.02511 44.8692
34 98.4909
13.4837 94.5796
19.1088 66.8925
64.5414 22.8716
2.85428 63.8516
77.4901 64.9226
7.82097 23.0556
81.5343 35.7556
34.9595 47.7565
96.6757 29.448
46.1679 14.1153
49.0897 1.24757
46.9285 24.1335
96.9966 83.6531
23.7836 41.8407
38.6126 21.0768
16.3582 65.3705
6.58434 37.8951
70.6257 53.2315
33.3555 49.5
20.374 19.0728
26.403 38.7583
84.1514 36.7345
21.8467 72.614
63.4353 35.9678
13.8109 87.0095
9.90484 85.1778
22.4237 64.2517
63.9516 39.3598
97.2348 76.5686
97.709 12.9619
47.5378 26.8653
84.6173 97.3151
13.6809 15.5825
77.4177 46.6955
74.0828 58.3555
32.1484 61.2707
16.7899 42.8561
31.898 45.8105
89.58 71.315
63.4087 69.0189
29.9885 30.4838
9.58208 87.7941
25.9024 25.1939
71.3247 77.2688
24.0262 2.50434
71.2269 5.59516
99.9478 47.8278
18.7945 94.6939
19.8114 60.9703
27.2874 2.00645
73.7016 25.6902
3.92185 54.6251
18.2716 18.381
52.8306 82.9075
65.1395 45.655
86.1245 14.4676
32.2686 52.2821
28.8776 92.787
93.3828 56.6585
3.94617 96.5315
21.9026 85.3265
17.228 38.5425
5.69384 66.1413
68.6213 64.5152
10.4181 58.6865
25.9402 79.2504
14.4984 13.6255
75.903 30.7872
35.8247 81.4395
85.3875 53.9159
32.3833 70.8903
11.6435 19.4289
36.2733 64.3707
55.218 33.866
73.2024 53.6956
68.0919 9.64789
69.029 15.2473
70.6956 25.3907
46.7927 0.573807
32.1585 27.1476
15.3265 70.8585
19.1048 37.6555
71.5169 62.5202
13.915 63.526
14.8661 42.9791
61.3699 90.5002
94.091 34.3761
83.6955 89.0835
64.4473 61.5758
80.022 47.7484
70.1841 34.6814
4.42007 18.0271
32.3942 74.5137
27.7029 88.4324
43.8561 92.8834
45.0405 0.750373
11.8625 28.6635
33.5564 3.10141
43.7961 13.6528
74.5096 35.5648
64.3118 39.4795
94.791 51.0363
63.2453 0.643693
82.0711 41.7524
62.3915 70.0545
51.3559 19.0872
68.1351 97.8207
66.6855 45.6992
41.927 57.614
8.15 82.123
77.4866 68.717
15.9419 23.7352
24.6696 95.2212
31.1429 67.1147
13.7771 35.1524
48.1534 96.1339
98.7939 8.49544
33.0355 7.44959
12.7206 71.8386
76.3136 82.2729
43.0754 96.9148
77.7825 17.8997
55.6546 64.5187
34.7651 80.3212
40.5369 18.7415
76.4392 7.68043
27.734 2.6876
52.9956 41.8418
60.9619 18.7456
74.662 1.14218
84.2462 31.4538
69.6561 47.0631
69.5365 77.4008
87.6762 53.3594
7.84509 1.83567
17.2308 3.47238
59.9605 50.0421
39.6735 11.6917
28.61 2.28417
20.5979 46.4724
57.8391 2.56813
87.5448 77.183
6.52832 25.7909
63.636 27.0962
21.3777 18.4543
23.8182 9.4542
84.3609 42.5344
96.6908 27.9852
14.2234 53.3046
93.4094 27.8926
2.63039 38.6352
50.1022 43.2776
79.4015 40.8274
3.91937 39.2614
24.1946 37.0577
67.193 96.7689
77.9721 95.2095
83.9239 43.7022
55.0017 12.3175
26.2941 79.614
9.10078 63.7652
55.2201 8.40881
47.9241 70.2621
49.6566 66.4851
9.4886 17.4999
92.1419 61.8127
0.898519 95.7557
43.5094 25.5382
8.15528 44.0934
98.1384 71.0129
7.91955 51.0266
97.0593 49.393
51.628 13.6769
95.9312 79.6963
72.5247 91.0021
21.0953 22.6322
90.0794 94.0503
95.0535 78.4714
64.5821 38.61
20.6642 21.8788
42.9576 98.7788
47.6312 12.6379
42.2054 12.9922
81.9774 55.9595
66.8756 77.019
4.31869 31.1428
21.2311 57.0105
52.937 28.3201
55.3881 40.9383
5.68321 87.0632
41.5805 2.37412
5.0605 8.15015
40.2105 46.4523
43.2109 26.0984
19.8087 60.2957
82.9068 5.46531
36.8445 78.8037
1.98555 13.1999
16.1124 35.9283
33.5515 4.54112
64.6652 25.803
85.3408 90.7344
97.9085 68.7419
36.1825 70.5061
55.9364 41.9843
84.4519 68.2767
4.159 80.6118
70.4826 30.6985
86.4844 82.5251
11.991 10.5355
69.9214 31.3816
89.0437 12.8088
62.3339 65.4303
34.0597 37.697
87.4327 26.3485
98.6846 73.8999
73.457 76.9646
1.26541 47.8145
65.824 44.9128
84.88 20.3647
27.487 6.88627
63.9136 6.64939
92.9706 22.1117
86.8602 99.3771
79.3093 93.1838
8.82895 74.9607
64.1902 91.3294
6.81181 81.9446
33.5305 15.1269
13.599 38.9547
23.3086 99.6736
75.7977 72.7615
0.716044 23.5446
58.6663 17.1404
42.653 18.5132
53.7579 88.8968
18.7679 47.1375
62.7737 92.8766
49.709 78.7343
84.2193 34.7615
52.2499 72.7726
35.1024 89.2022
39.975 9.7118
74.0017 14.8274
69.7994 27.8537
50.2192 58.1057
5.33095 78.3978
82.0515 23.4711
0.663507 74.747
86.6268 66.1276
94.9871 78.2098
24.1996 97.3568
84.2398 10.16
37.0489 63.3565
96.5882 74.5632
40.1616 67.403
53.3202 98.1123
90.1892 12.0728
7.57536 28.2759
59.1826 8.59705
64.9783 45.8968
42.7077 14.4437
22.841 72.2817
42.4268 41.9119
56.3288 69.2427
36.29 34.4044
50.2029 47.845
52.5797 80.9363
32.1884 20.7313
86.7614 34.4742
61.9252 17.5799
29.2017 15.2748
27.0175 91.435
77.8651 47.2901
3.34752 87.2569
10.4003 53.0916
13.3145 65.7392
22.8468 73.5201
19.8651 27.0439
58.3656 32.0762
8.6672 74.9721
16.1382 91.7171
95.1265 75.1467
96.5202 92.5975
55.3345 43.5876
54.7477 30.9888
13.1501 7.30669
2.38157 58.8305
29.2226 73.101
14.0913 65.1315
88.1618 97.8915
40.2657 67.76
54.6252 50.8151
96.9013 34.8498
26.6223 30.771
40.0822 5.50831
39.3168 77.4957
64.862 84.2705
40.4391 74.0766
2.79989 71.8664
19.7949 35.0291
46.1476 6.70977
97.2458 9.48229
12.5575 33.5694
88.6036 77.303
28.9052 22.2201
63.6235 36.7386
54.5482 21.0328
97.4449 18.2277
26.0541 12.9989
50.2574 98.7921
63.0985 66.5163
11.3504 82.2826
77.9033 35.2226
67.9207 13.4954
43.688 53.6634
3.94693 32.8947
84.8153 78.3574
49.6497 97.5888
12.662 95.0082
64.7187 73.8132
81.1409 84.5775
18.2392 63.1817
88.5472 49.2035
53.0343 77.4979
10.1685 88.6111
51.1783 85.6759
91.5819 12.2514
49.2155 12.422
8.37664 31.5898
49.8736 76.9797
38.5129 53.3203
