5000
93.4514 29.9491
1.0503 82.7277
6.97514 34.7969
49.251 23.4046
50.4022 92.0037
48.0916 91.6684
93.8995 28.9361
73.3632 67.9634
59.782 38.1851
85.0831 10.2204
48.6807 57.206
76.0554 74.4831
28.4807 41.9035
88.784 40.9057
75.0685 57.6787
44.5864 51.7456
44.0388 86.2259
78.144 51.9913
40.431 20.3298
49.9786 26.8289
0.0229838 11.5826
82.3657 74.5963
39.9362 90.3459
58.3371 40.3085
76.1725 14.3384
1.06186 44.5241
72.8625 36.6384
8.65523 72.1583
89.1306 23.4763
16.0279 20.0224
78.1213 2.14944
37.7895 35.7508
39.274 79.4001
68.8036 34.06
52.2205 95.9343
68.085 3.1113
9.45257 73.6737
95.3567 13.4888
23.4647 92.293
51.4979 11.3728
25.0075 79.8114
58.9574 22.5662
9.44401 2.69881
82.919 57.9677
59.9746 23.891
98.8069 91.1405
55.7215 55.7438
71.3204 29.8382
0.503229 32.9396
28.8705 50.9789
92.5508 54.4554
45.0004 69.8787
28.5114 20.9703
38.2023 34.3736
56.9476 86.1505
45.5401 97.1849
93.8744 94.5884
47.9185 59.2984
89.1272 74.0444
14.6452 58.9999
46.1748 44.2773
74.5659 12.6657
34.7386 90.8125
55.2122 78.9372
0.607794 15.5101
92.34 47.3659
15.7806 76.3398
76.7139 77.0335
96.0694 42.4617
56.3123 49.8459
93.637 56.2839
70.9685 69.9825
72.1386 24.6808
38.9789 59.2645
69.4446 76.0823
39.362 62.9749
67.6436 56.3382
21.9249 41.3311
93.2739 55.055
54.8251 51.3799
35.3803 35.881
75.9881 11.4032
39.4049 30.8338
62.6367 33.8396
54.8197 2.61925
3.90135 14.7553
50.6073 24.312
80.5929 86.8454
70.1619 65.7425
65.4085 13.941
61.9858 83.9013
87.9828 84.6753
21.2997 8.96016
40.9624 34.0565
11.7623 9.73696
56.7437 6.31562
73.6851 13.0282
34.3406 81.674
87.7065 46.9772
63.9444 0.439532
4.42603 83.0945
7.53463 65.9878
32.4135 78.7273
67.6693 64.8861
51.946 81.4426
83.6674 57.0612
62.7114 72.8662
36.9969 82.886
81.0616 21.7725
37.2313 19.1044
37.6702 74.3972
19.3741 56.1309
35.0869 43.6806
79.7074 83.6035
67.8829 15.5749
56.1928 45.3181
89.7823 75.7613
16.6408 29.4647
71.2533 60.4502
19.9618 84.1347
83.6099 70.1927
34.8305 12.4238
75.3105 45.4268
52.5277 78.762
31.0793 78.9383
34.3129 21.8324
99.1571 67.9457
11.6984 13.4698
93.9282 22.5967
32.3456 78.8595
56.2344 92.9836
99.2279 6.55333
12.9473 78.8035
46.3568 63.0716
24.1546 55.1899
9.74666 9.75756
68.7222 97.879
53.1732 42.1099
52.5035 58.4403
24.4869 70.1957
11.0235 65.0717
20.5137 89.9692
74.6229 97.6707
28.1184 58.6682
98.597 91.7722
69.7647 36.8251
63.7032 43.7501
33.3834 28.9021
71.0136 31.4199
70.9107 7.11981
67.8874 47.9324
13.5928 74.0469
29.5901 16.4327
15.2929 77.6944
42.2855 61.4382
25.3157 98.7975
36.1481 96.4797
13.8828 89.7109
33.3872 36.1073
67.2572 49.196
84.9733 81.0805
94.6965 30.6275
77.2149 86.8655
37.5094 27.2921
44.9104 53.8689
56.86 83.9641
36.4519 14.9085
65.788 46.0083
94.484 76.0442
41.3894 36.2463
17.1167 48.8219
1.69872 85.742
52.0811 0.294328
84.9712 90.2384
61.9061 88.6998
72.1211 67.2708
37.3234 0.0859222
3.78578 93.5935
15.2113 40.4456
85.5526 93.252
7.04452 2.23311
16.5806 75.9441
8.12426 91.8885
23.5621 51.2047
97.833 60.6412
34.6608 46.2285
92.6399 24.712
54.8791 67.0192
85.1201 80.1184
5.17345 27.5793
89.5028 61.8174
43.8082 89.7327
43.6004 85.5584
89.9642 89.8837
0.749619 0.453716
40.8399 52.0414
49.2056 43.0988
45.3439 46.4458
99.7668 77.1097
82.5592 36.2752
42.4675 2.78814
40.464 25.845
41.3604 72.6273
87.4869 61.5088
60.1569 86.978
53.6696 51.5529
66.5496 44.5181
55.2854 39.4882
7.13845 71.3248
67.4018 51.4548
48.0094 38.836
42.6863 70.7123
15.6674 96.1286
69.9507 56.6473
69.2521 51.224
96.0817 7.14022
12.0875 89.3959
93.5359 26.7654
49.8773 68.0581
22.3216 76.9562
91.9748 82.1568
2.54706 69.0677
19.6255 20.6652
2.47578 73.1592
21.3701 38.1055
73.3842 0.648142
7.51571 20.4388
12.5204 62.0301
52.5311 65.1281
62.544 24.4442
80.8002 51.8766
49.6857 3.57285
70.0199 46.6572
20.2499 95.1529
5.29807 39.7988
0.371046 17.6266
93.0112 85.3241
97.39 44.2206
77.185 45.6074
32.5949 34.5502
20.4464 24.997
99.675 65.1073
29.0058 94.068
57.2872 89.8121
74.4436 33.1157
88.0596 38.8729
74.2092 31.5503
95.4449 92.4455
19.2306 75.6956
2.70925 30.1472
37.2302 77.1033
32.6611 35.3491
51.9992 1.90283
80.4455 33.1253
62.8754 85.279
87.6762 65.2905
36.693 12.832
66.2859 96.4557
26.6459 60.5984
21.0067 23.6114
19.7318 70.1588
58.1387 17.3616
3.03124 96.3127
56.6 53.8066
69.5354 27.7837
0.194197 56.7215
45.7701 92.016
61.5599 54.2857
45.632 55.4382
21.4638 6.29594
4.98001 24.2653
20.2105 21.3029
11.102 69.961
1.00986 74.7846
35.8867 15.9321
37.2749 98.5393
63.8608 35.8267
92.9344 95.1638
3.92086 77.2459
43.3925 76.3737
70.4149 23.0565
19.9659 62.573
77.6814 44.1145
57.969 49.8884
14.3458 53.56
38.1763 33.3825
72.5892 54.5413
55.7483 99.8563
66.2786 48.4755
25.1658 7.90034
93.9649 35.0035
44.6517 54.439
84.6753 27.6194
50.5096 81.1287
94.7815 23.4733
33.0954 24.6892
20.1641 61.6271
88.836 97.9831
52.725 71.3882
65.5092 27.5091
70.8828 1.61711
90.2197 40.5721
41.9885 30.9099
9.2362 21.0842
12.5544 22.0694
6.10515 54.993
41.9822 38.48
96.6167 76.7054
67.5224 49.2857
10.8254 16.1226
99.6393 78.3607
81.4426 58.4754
30.3353 64.6435
16.1487 75.1595
3.85271 38.4517
11.3807 81.586
67.0605 34.2416
92.936 21.2038
38.8729 17.063
36.1363 43.9821
39.7501 24.8259
11.7903 89.4931
60.4529 19.5968
72.0552 36.9997
57.6443 14.4788
71.1685 51.1504
12.2314 12.4261
97.1491 32.2012
90.4564 95.0856
80.7867 7.32184
98.2089 77.195
83.2943 72.81
43.094 1.12266
53.3267 36.7108
16.2346 36.0495
61.2764 0.661976
66.6765 3.18655
99.9887 95.1246
29.4741 58.4764
80.7572 5.3954
24.9845 4.08558
64.6447 56.4903
90.2938 53.3431
66.1211 38.406
79.2717 59.3242
35.2835 5.78975
75.7575 28.0578
45.7855 60.8756
64.4974 36.079
59.793 0.61745
33.4247 47.4283
51.6836 25.3218
73.7935 89.9861
20.0887 5.04847
26.4499 53.5867
65.983 96.2637
90.2342 23.3771
70.3124 24.0887
45.2359 9.15994
55.4042 63.3143
82.4024 10.2018
54.1374 98.1355
33.6036 46.3777
3.91151 70.6335
93.5963 29.3509
23.2892 1.06412
61.6327 40.1655
43.0632 55.9479
52.5796 95.5203
10.9926 90.4055
5.01897 17.316
84.8304 45.0354
80.1893 51.1825
79.1106 42.046
61.7422 69.4004
90.4784 69.5348
44.3846 95.7055
34.7251 8.21574
52.6855 24.0913
93.6234 40.8611
25.583 70.0795
29.0581 62.2891
63.4726 59.5914
58.4752 13.9783
12.5699 85.4785
44.7949 18.4695
17.0989 16.7599
81.9555 47.5647
16.3094 88.9844
97.2478 17.2013
56.7762 58.7527
6.90692 9.32778
53.0151 99.85
57.653 31.7741
14.5177 75.2158
91.7078 66.2449
9.74758 77.3046
89.4796 46.3874
58.5106 34.4889
94.8433 38.7721
96.9421 65.3404
80.4542 31.4459
16.0423 42.8225
98.7521 48.9628
40.455 44.1358
94.2391 49.6718
86.6963 35.0354
83.0316 21.4586
74.2344 38.6999
7.59041 58.0322
8.64285 29.8332
46.8644 47.6014
70.7358 65.7264
46.9552 9.97783
18.3911 51.8187
92.6634 24.8099
90.4798 61.5786
10.6108 12.2834
34.7156 82.9984
52.9637 49.6812
34.9021 32.1192
51.7916 39.7833
28.4883 0.10615
45.6023 55.0038
81.4695 27.6914
72.9646 20.9076
72.4191 32.9293
52.4727 18.8783
29.3943 26.9972
27.9812 71.8884
94.0761 82.034
45.967 70.9974
9.30677 62.8827
49.3519 42.5363
7.3375 12.6882
72.8488 63.6327
59.4296 87.4318
3.48472 6.77939
42.9342 9.90026
70.119 21.9334
9.9712 86.7562
63.4447 59.5782
70.4708 42.8602
14.6616 95.3865
34.6078 58.3572
83.3902 91.8033
21.4492 96.8883
56.1985 90.4654
78.0297 50.66
60.0407 86.61
58.595 60.2967
5.78204 84.3919
88.7707 37.9205
21.5625 44.1569
6.77292 55.2194
69.7641 46.2214
50.5757 44.6347
70.7162 74.0595
90.5928 26.7356
43.5766 14.8332
63.1173 42.2697
35.0313 7.45236
65.8477 83.3088
9.93933 98.6915
95.9244 69.5708
64.668 91.2756
97.7212 7.88724
95.8292 67.6282
4.30064 89.913
28.2032 84.8206
26.3986 90.8546
19.759 32.6121
52.4077 48.749
14.8684 5.60638
41.8298 11.2255
22.2705 69.5905
45.6935 27.9065
57.5189 45.743
67.6267 21.3043
81.6824 33.5643
57.1965 23.7438
92.8714 86.3111
38.922 49.7673
67.8298 16.5895
40.2261 81.0633
12.6881 41.3928
76.2863 45.4075
36.6561 54.8189
80.311 86.4952
56.888 48.2046
33.7078 79.3691
20.0855 96.7711
31.6512 82.9719
6.18431 35.1674
66.0554 4.33361
25.4356 37.9288
78.6048 61.5654
96.4677 5.2548
42.6209 48.1503
14.9167 19.2004
45.1842 83.2685
84.2338 43.3334
43.8659 67.816
13.4486 50.311
34.3932 44.3164
4.38659 13.6501
33.0104 60.2362
2.37403 95.4615
38.9035 85.1364
88.4995 22.2783
46.4094 96.9058
0.186907 13.8628
39.4279 42.4225
42.5963 54.0534
55.9108 67.5019
40.222 37.7812
36.3397 92.5927
23.8297 38.6561
47.5591 84.4109
41.6062 86.2741
28.2852 38.0255
83.7297 27.5358
9.35895 91.9365
51.903 52.1802
28.2962 34.796
91.1443 14.4999
16.7413 96.4898
60.6997 17.42
10.3006 76.8317
79.2523 80.0458
99.9376 25.1588
75.0251 86.6044
21.8568 29.3301
73.6465 58.1797
76.7814 59.9438
45.3196 94.3743
14.2165 75.8866
81.9507 59.5077
82.6558 47.5469
87.3745 25.0539
98.4452 49.3931
45.7492 57.8416
58.7551 32.0976
72.4566 36.7774
22.7291 49.0934
20.9969 91.302
49.616 73.008
43.114 5.91858
33.5013 32.9846
46.122 55.6951
64.6351 17.227
95.2905 71.5873
34.049 69.2605
58.234 78.5918
7.2114 65.7953
85.4457 20.4167
99.1362 80.604
74.7679 74.9735
83.2251 17.4236
34.3279 56.328
33.0216 24.5367
42.9498 27.4048
68.2998 57.9542
18.8436 1.95931
12.6991 91.976
20.513 37.3749
68.5377 65.6384
90.1112 73.277
22.3972 44.0569
14.4215 54.0287
81.3915 78.7923
67.4976 28.2802
80.7241 33.2436
64.9643 54.5714
16.1832 92.9642
71.0386 3.86405
41.473 9.33309
89.5823 72.2666
40.7692 31.6637
74.3189 57.9375
71.0434 13.8639
88.6485 51.2242
61.7407 69.7672
63.4221 50.6387
88.3975 98.2257
31.2516 74.9984
48.1995 72.6421
87.9925 4.43028
59.2264 73.0484
96.6926 90.2848
97.2788 57.1126
70.8819 73.6426
62.9702 79.5682
75.0493 62.9418
10.4443 23.9624
14.9956 31.5326
35.9001 40.7447
56.1389 80.7011
76.5757 82.4318
99.806 44.809
34.2763 61.8532
86.677 44.1049
95.1943 97.9069
98.8747 31.7068
3.51005 88.5603
10.1716 41.1864
17.637 73.3932
7.51685 2.36809
29.5859 68.8692
41.2329 33.4261
7.22174 69.1728
83.7858 96.2332
27.0509 67.3054
15.1675 93.5457
13.8952 65.0056
72.2784 62.8953
73.6235 94.9484
60.1939 49.9071
60.531 39.6496
62.5187 53.7566
42.8605 57.0836
36.3432 38.2346
11.9534 10.1565
91.3756 28.8702
32.2314 38.1624
16.3158 10.6538
79.7856 53.0257
2.13002 18.7891
5.47847 71.7904
62.8971 99.9528
61.1498 61.0208
83.3101 77.8425
52.7867 32.9272
18.4288 34.4596
88.4327 92.8382
63.6777 77.1386
18.8558 83.1038
92.1751 86.0252
20.7865 7.57047
49.6494 68.9598
37.6331 52.8771
90.5589 91.102
52.8943 13.2355
75.299 72.2337
53.155 28.8332
82.0956 1.53178
44.286 71.7929
14.8894 64.15
8.0973 99.4741
61.551 46.0158
54.8138 33.0493
64.9304 71.4363
64.6548 6.16037
80.1614 40.623
95.3181 68.3563
69.0089 82.1232
0.810766 34.4818
78.0046 86.4888
51.3928 4.59281
96.3622 28.587
57.243 49.3372
88.9382 13.065
46.3463 85.7467
29.6811 84.7898
13.9746 66.7826
80.8659 79.934
58.3186 3.95553
85.1613 74.1231
95.028 59.6172
18.6266 14.7372
14.8655 21.0766
41.5762 29.3295
64.5941 97.8549
87.2024 2.70536
27.4236 90.7042
72.2671 78.0403
90.5975 86.8226
22.4924 90.9266
78.7635 30.8401
92.1895 70.3846
29.4108 82.4213
97.8912 58.7174
81.6959 52.9232
16.187 62.6167
23.7775 53.2601
96.6716 11.7418
72.2465 71.6246
8.25592 75.3608
54.3101 90.262
52.4164 18.6717
25.3219 68.9601
84.2413 27.8714
58.0334 4.48583
63.4635 24.3026
46.4646 70.4219
54.1297 11.378
42.5596 27.322
68.6628 32.55
13.7609 96.8119
71.6331 55.3855
3.87607 61.9152
5.82125 3.24405
91.1953 5.51385
62.6781 7.6214
86.5206 64.3125
71.7866 86.8426
92.543 66.4187
95.4926 24.3615
4.57357 22.0524
92.6229 72.2691
72.7809 98.4749
97.6017 33.8503
76.4182 18.7825
53.0177 42.3896
39.2274 1.23939
60.8535 23.373
57.7534 92.2928
4.28822 71.4775
9.64409 62.6625
54.7813 55.7193
55.8218 43.7299
25.0944 77.0121
45.3588 61.2221
70.1559 95.9252
9.10251 25.4228
53.8513 56.183
60.9167 83.0479
50.0918 99.071
56.9461 83.036
19.4204 52.3238
24.139 45.6956
30.8698 83.1248
23.0304 86.6372
43.6242 29.6812
66.9073 2.43909
6.12315 55.5554
49.6082 94.4022
95.6504 31.432
64.6967 30.1448
69.2975 24.4161
18.5624 48.6678
64.8694 12.7834
86.3961 58.1068
40.1836 91.5303
20.7002 53.6434
41.7668 58.9766
78.7868 43.7083
45.6594 40.5342
13.0023 30.8842
21.9404 82.0042
41.0293 37.6591
98.7092 71.3938
9.1005 20.3055
99.0068 72.4971
17.0225 14.0924
70.3029 88.2219
81.8976 21.2052
73.5331 33.5844
20.5854 45.9564
63.3225 28.9245
47.0214 92.7964
73.457 52.4874
89.2729 77.7084
67.6544 90.4856
83.1419 92.7315
78.6044 71.1122
33.0803 99.6016
45.1999 86.185
37.1512 79.4183
85.2656 42.691
35.7047 36.8088
95.6221 43.9108
67.5347 37.7579
53.257 12.7757
30.723 87.7162
18.165 7.92179
27.7694 97.6738
53.7072 98.6804
91.133 49.3242
37.4209 31.0861
39.1422 24.2964
83.3339 36.6589
37.2384 78.2992
15.0794 50.3499
16.2801 28.4313
60.4546 54.2163
13.2038 97.6006
41.2543 86.2706
36.5362 59.4781
25.8831 93.0856
28.0167 52.4567
40.7306 99.6565
2.59641 60.3231
64.5503 71.0993
83.574 65.4995
90.5034 39.2243
80.184 49.0014
41.8861 64.6458
89.7531 5.16335
99.7236 84.7216
35.1028 87.5993
99.1998 65.7009
56.9887 23.6304
33.5552 63.3013
74.2088 70.0234
5.15489 73.4814
94.964 89.1309
0.964666 64.078
38.3374 66.0602
31.4822 36.6716
9.17337 58.8394
97.5742 18.6038
73.4196 58.1922
65.3641 22.6473
2.91339 12.9464
25.016 1.52334
45.987 93.8556
10.8598 58.7955
88.2092 70.0821
12.4359 76.3278
85.7582 45.3763
19.3015 87.8001
9.01112 94.1273
29.6717 39.4332
58.5013 56.9162
15.8043 78.9573
44.3147 48.8594
94.5231 65.3034
13.2918 70.8458
43.5399 7.00979
73.5488 73.9949
79.4367 87.002
54.4571 60.1888
39.8693 52.5292
27.209 46.267
42.0033 39.8876
63.0789 33.5478
19.0725 92.6467
71.3598 85.8644
52.5344 31.4107
7.38247 91.9265
30.5479 9.84933
79.8814 94.6596
32.4785 24.6163
50.5065 23.8542
84.9273 27.8046
7.59465 69.2116
26.5515 36.1336
30.4815 37.1773
97.2965 97.5255
11.7142 98.3607
59.4863 8.65572
82.5091 97.4962
39.5145 77.7463
52.4917 31.2285
73.4032 30.7999
99.4273 5.47848
86.2028 88.2438
77.7245 30.3818
62.837 63.4147
4.4408 51.641
46.5623 25.3275
48.5249 41.9791
40.9912 40.3769
68.1126 11.1352
35.5036 25.3624
42.1561 25.4754
7.50927 53.7772
22.7323 54.627
20.1193 56.4317
10.4577 68.0491
97.0471 22.87
4.67267 83.9573
8.77105 68.6537
62.2197 20.4312
29.3152 23.6527
65.5051 11.8515
44.809 81.9411
85.8736 74.3405
35.4276 20.3916
54.4819 1.09319
52.9269 12.929
66.4546 82.7528
64.5906 3.20005
90.45 24.6333
11.3148 26.3899
4.57551 62.7377
31.3598 53.3263
3.64341 80.9967
59.7393 58.884
96.622 86.8519
68.1954 2.9918
71.3964 47.7464
3.84663 89.4907
33.3797 64.3462
14.4279 35.2584
90.062 38.5299
88.5468 41.0032
89.0535 53.5544
80.1955 25.1192
75.7754 85.5096
57.8571 12.0704
59.5956 42.4652
6.24702 36.5138
82.8599 27.8933
8.74458 64.4088
78.875 11.4981
31.6206 67.8512
78.9137 4.54415
69.5259 92.5492
60.867 45.1348
16.3164 34.7701
52.4942 86.4513
87.6376 6.32715
13.0701 11.8245
52.0415 67.093
87.3799 12.3993
23.319 3.04994
39.2743 28.3001
49.0847 79.3361
66.3164 93.1399
96.0362 55.5795
83.1688 85.0832
44.5412 54.4166
76.3019 11.3048
38.9196 52.0017
31.0431 20.8755
62.0865 85.5355
14.7426 83.6717
87.6105 52.3073
24.432 95.3995
15.353 59.5486
40.0897 29.1454
78.0721 15.8006
26.5481 41.032
31.6408 32.4727
84.5887 60.8487
36.3385 50.337
27.5229 43.8068
31.8206 54.6502
75.4108 21.1815
61.5269 75.1358
47.7801 50.6347
82.279 26.7386
84.5596 76.9137
2.28638 43.489
51.432 59.4308
18.0303 23.9127
91.1923 39.7467
54.1344 7.64912
84.8808 38.2758
20.9102 25.9054
65.2005 63.888
18.6142 44.4978
14.2823 70.3262
30.0699 51.0284
4.98076 4.05552
22.7416 57.8839
81.0209 65.6206
1.49959 99.4867
65.4419 71.6272
40.7608 95.8137
53.1359 61.4128
29.4603 3.64821
7.10226 98.9227
53.4075 26.8187
97.5827 81.3452
25.9681 13.894
95.5879 65.0916
73.413 69.8031
71.2153 44.7373
23.2923 69.3757
92.7167 81.3922
0.0573219 95.6934
75.2976 21.1693
50.6044 8.8889
29.6448 5.72442
43.8567 46.5523
34.6262 47.7971
53.8918 43.2697
51.7431 73.2753
77.5374 72.1004
17.4747 97.3182
21.4888 9.14568
1.37545 97.3705
61.8362 34.324
39.2362 5.16132
65.3512 53.4003
40.4187 71.1818
76.3276 15.091
63.5862 79.6526
13.3658 70.0928
43.1722 96.9257
1.58963 29.4474
40.3846 70.2274
93.4687 83.3765
49.1956 15.9999
80.2974 39.6157
54.0789 92.8066
96.0349 62.8119
81.5091 44.2468
85.2834 79.8279
16.5836 16.2219
58.2896 97.0523
12.1068 76.8595
24.595 21.7051
37.5429 19.3467
16.1382 75.1738
31.3013 77.4378
28.9845 54.5316
55.5874 69.7903
81.8831 96.5803
24.364 23.422
35.9335 95.864
17.9723 58.2154
89.8394 10.0953
89.3937 42.8518
42.2263 31.8974
31.7688 82.9078
84.5701 42.7579
84.383 75.4135
99.0043 82.6736
44.6887 6.96819
59.3141 90.1204
30.8364 45.2059
78.5897 40.4558
12.1191 2.65903
72.4724 99.1373
14.0938 8.00425
89.0139 29.0002
53.7266 43.244
93.051 74.1456
43.3477 83.9985
61.0929 58.3664
63.2893 48.7412
87.3243 68.9287
22.7934 29.476
32.6966 26.8917
49.9616 65.6251
21.1493 57.445
76.8142 30.6365
21.6579 23.086
93.3429 6.18028
15.6177 51.2018
5.2024 63.3526
38.1489 78.5139
86.6208 77.86
1.87398 46.1172
70.3495 47.2837
22.5524 67.4697
51.2573 76.2163
27.3746 68.6496
75.9707 64.9727
7.83568 19.0734
59.2816 59.5006
57.0409 20.8036
8.30697 80.114
60.0538 24.8866
78.4805 87.2462
24.1961 59.5395
75.2272 35.108
63.3255 68.8403
41.1436 83.6233
12.4322 82.2497
96.6128 81.6483
92.3427 57.3109
79.7446 77.4336
39.0396 53.1364
19.423 8.96875
56.875 3.28922
21.9344 86.5703
16.9921 68.4446
95.3476 69.8569
3.78054 56.2433
54.4644 67.5065
52.7792 90.9501
35.4939 43.7046
29.7539 16.878
40.3028 53.7791
43.2939 2.52838
88.4089 72.3934
7.19823 56.6695
76.833 27.8624
40.1254 29.4661
33.491 83.162
66.1285 17.1982
29.5562 51.7639
21.0479 44.8452
46.3728 47.83
38.2792 47.9868
40.1289 4.91582
71.1676 58.6618
85.1759 38.598
23.8093 54.1938
55.7864 67.4343
95.0575 75.3639
36.9857 89.6389
7.58805 8.04966
7.8037 95.427
97.4781 11.5087
2.68349 8.11545
50.4475 79.7565
50.8105 99.6466
13.616 21.257
36.4508 4.35453
95.3912 40.3716
93.3405 72.0558
48.2934 7.46742
45.8875 10.2095
54.9928 96.0402
0.584353 51.0508
81.8655 71.8859
79.907 84.6107
85.2592 59.4434
25.5287 0.162321
10.012 12.9138
61.5272 95.2758
76.9616 19.496
29.4265 88.5063
10.9835 99.1143
98.9728 53.9918
87.872 12.2026
25.617 4.10214
89.899 31.9927
63.7477 8.24977
73.6679 44.0709
57.071 83.4536
10.3226 9.64195
56.7956 23.3186
79.9412 31.317
45.2087 47.5729
98.1324 39.4068
18.3295 57.7397
29.8288 84.8236
65.9252 4.44363
76.8284 15.9669
38.8833 47.8254
8.593 23.1968
52.6121 75.5983
46.1317 7.34858
11.7792 31.0932
34.9111 65.01
82.877 9.63619
10.8126 75.8633
12.5597 28.682
68.8817 7.19327
62.8798 29.3489
29.9545 10.7798
5.80121 34.3794
73.9868 47.6678
61.4146 90.3408
55.5256 99.019
18.2987 56.8498
65.919 40.9646
58.726 73.9995
28.7575 40.7585
40.2124 30.9021
99.9781 18.5222
98.9413 81.6105
88.6455 20.3816
43.051 87.274
12.7167 49.2416
35.8609 60.838
75.2979 42.5124
43.7183 5.37002
36.0075 86.1015
7.21648 22.5725
21.3127 17.6346
2.2869 22.4948
2.96221 23.8653
60.0065 6.9832
62.2446 86.3229
99.9581 39.4901
55.1884 39.0137
20.9355 25.3311
25.6963 16.3334
17.6735 22.7056
79.9374 5.94345
46.6013 24.823
31.3677 86.9432
87.6118 4.58598
94.1632 26.32
39.2307 68.5269
5.92837 42.6535
43.944 89.3843
2.59934 23.1317
1.44541 85.2119
63.244 25.282
49.7204 64.7527
99.0426 60.8078
24.1258 55.8854
31.842 13.8446
50.3148 53.6203
21.6344 6.35195
5.35029 85.1443
30.3372 97.8362
67.8102 30.6803
11.0733 19.1133
14.6279 7.45814
28.5228 83.1987
65.0383 2.56677
4.03196 67.8328
48.6597 61.6048
31.9634 61.2713
36.3924 60.0705
43.5966 22.2475
66.9049 73.1285
48.5287 32.3682
5.56505 47.5589
95.1555 56.5415
14.5916 52.0451
51.8308 28.0484
86.0987 8.86462
76.8116 81.6741
87.2172 28.3467
71.1059 63.226
40.8664 9.69917
9.31365 42.6898
15.3722 82.6898
5.53617 9.67689
37.7781 38.8825
25.6706 2.59964
80.7007 47.825
18.4488 94.6947
52.0811 46.1527
49.2831 49.5607
67.3374 29.4809
39.4988 48.9417
86.3759 89.9099
63.9111 86.6184
3.43107 67.3296
20.5822 67.4708
69.8418 40.162
29.5789 58.7418
25.516 38.7317
40.5185 1.32941
34.0829 79.9621
15.8257 46.1719
57.328 13.0304
49.9313 76.9379
96.4061 81.6283
28.3968 84.9955
83.9172 6.59775
93.9435 40.3722
51.1474 0.877293
26.3917 34.6422
22.9736 46.3421
94.3385 99.041
4.11402 85.2589
58.8714 1.29019
37.7752 74.964
28.7408 88.237
89.4749 25.0616
10.6492 80.2683
29.8616 60.5591
53.1791 1.72389
4.64178 35.5791
26.1498 46.1729
13.3147 77.4113
88.4134 84.9525
12.3175 44.8227
41.2687 43.84
85.8382 60.0691
11.7727 53.9241
73.9168 16.9418
3.86947 76.8361
51.4458 56.5473
64.6284 59.6094
75.156 18.7341
33.794 72.1885
72.711 47.5882
29.7988 1.96419
46.8406 24.4722
95.534 38.3709
5.09291 21.2072
66.672 85.1856
34.1379 15.0641
93.7893 89.8734
17.6421 97.8286
6.69458 81.1421
92.5571 8.73084
35.9149 24.0327
9.19224 35.3361
86.0003 17.2618
99.1804 15.3727
51.1672 10.254
86.2016 56.1351
79.53 84.679
45.2814 51.4436
72.1305 9.1841
98.8944 15.826
98.5085 97.5269
56.9256 5.10429
55.7087 51.0111
37.6019 90.439
17.4583 73.4556
18.9757 8.43997
54.1188 28.2902
4.16098 54.9792
98.984 25.709
59.6741 30.8244
61.0223 66.6504
10.037 22.0461
20.1143 90.6353
74.5301 52.0342
76.7001 60.0786
84.0205 8.53307
4.2046 79.8963
39.1181 85.5982
86.2631 82.6004
86.8444 52.2538
11.9299 24.4356
99.0775 35.1183
37.1621 7.71179
66.2333 25.4569
11.4233 84.2373
47.9456 57.0193
90.8672 83.0559
2.21633 54.146
48.7362 88.2037
40.4065 43.996
96.5503 5.6184
71.3447 14.2116
82.621 71.5428
20.065 29.14
32.589 69.8371
18.2359 81.5933
9.19848 3.99517
22.1699 71.5842
74.5702 62.905
21.619 96.7755
84.6169 91.9589
18.1047 75.7069
11.7252 31.9562
70.3364 57.9071
1.72728 89.8516
73.515 38.3817
88.567 95.0587
77.533 66.7067
9.11154 26.6041
85.7623 45.979
25.1471 94.7289
50.2657 86.5274
95.6778 33.3849
39.0823 59.6363
39.8137 43.929
2.25887 86.8661
62.6331 75.225
31.515 26.2564
10.0104 55.302
51.7557 98.9259
78.7509 51.6526
67.9209 50.7294
8.71568 36.4246
87.7919 58.2518
26.4177 59.0579
69.083 42.3651
68.6209 43.4764
32.7513 5.50421
87.5562 0.19765
84.6717 56.5236
38.1558 96.6884
50.4264 65.1856
13.9561 55.635
60.0814 15.6349
12.8517 51.0687
98.2777 54.4996
74.8869 83.6685
91.9955 92.836
96.1531 26.6177
81.3157 93.4276
90.3279 30.5259
47.5765 89.9103
9.36459 85.003
23.0342 56.2905
96.2603 22.0087
26.0755 95.6448
63.3802 89.0118
21.438 94.4767
40.1612 78.2517
47.5722 70.8502
18.7909 92.0602
56.879 50.8163
14.157 34.4015
3.95515 67.8626
34.5255 53.712
26.3251 25.3456
36.1734 45.2241
19.8784 2.36769
9.39001 57.5399
32.7209 57.4458
32.7135 65.4325
57.6827 16.8372
87.1882 72.2366
3.97802 97.3056
43.2585 36.9477
18.2199 65.2424
99.8005 4.7402
25.0866 86.9349
35.626 0.355719
95.4068 41.562
20.1685 74.804
99.7998 31.3422
43.9014 15.3996
64.4884 50.5932
98.8048 42.6775
30.3362 45.1251
53.5765 14.3929
28.0689 37.9364
24.4674 35.6211
32.0541 16.2311
73.7274 50.3915
64.4773 42.9781
54.6111 82.2171
73.734 41.3382
1.9244 99.2149
16.4848 17.2213
9.91504 10.4464
48.899 54.6894
21.0352 14.9616
29.6988 88.5927
74.7602 75.7017
87.6713 86.8174
48.3246 21.3092
47.0855 54.0933
77.1235 36.7592
59.0955 62.842
62.4758 94.6715
65.8976 74.5995
4.90654 83.4638
67.8735 51.6836
20.5353 60.8408
17.3969 18.8184
50.8472 44.208
99.8687 94.6346
19.735 20.2096
61.9042 64.1328
75.52 34.0025
45.1911 47.1998
63.4751 5.33435
95.8104 50.9486
15.7354 52.9052
68.6875 0.350297
74.1942 47.9098
96.0423 73.9632
55.7414 39.2678
5.30052 7.42045
61.4844 25.2038
81.3807 66.6119
54.1745 97.0058
81.2186 89.8151
56.8136 95.7921
10.7029 46.0344
34.5905 2.29731
82.2993 41.9436
74.6757 12.1712
59.0341 37.3721
84.653 30.1621
89.9116 41.0161
74.9791 93.2345
74.3246 99.2876
14.3719 6.67088
14.8233 76.1688
38.0702 24.67
74.4725 36.6002
72.6157 56.3428
36.5215 96.8361
28.4371 16.0435
97.739 25.7324
52.2001 6.82843
14.0331 37.939
57.6636 93.6687
9.36208 96.9271
57.2341 17.0279
5.82663 99.1417
35.4414 68.531
38.6059 43.2778
89.6499 22.4439
52.6874 87.2219
98.1343 56.359
63.0292 81.775
93.5958 10.2136
7.54623 30.5463
98.4512 27.1634
44.8357 6.15576
63.5771 8.60226
62.5162 46.7645
14.2347 33.1859
82.4363 53.426
47.7863 78.4264
6.32907 56.9823
33.1433 47.2851
13.2357 88.824
49.8081 5.2279
27.002 0.354536
25.0643 98.592
15.5351 32.7332
47.6446 84.9042
55.9923 65.3144
51.2627 55.5428
28.6728 95.2143
38.1355 34.5098
49.5087 56.8583
16.2657 30.2722
14.8944 30.0645
75.3042 13.9821
64.9362 84.9435
57.6862 65.9784
85.6504 40.2174
8.76586 41.1598
76.8911 68.8126
15.2672 66.9194
81.6361 68.4592
58.4656 94.9691
47.8097 78.5031
16.5522 31.0061
44.2929 34.3352
4.71091 91.7418
63.2557 30.9386
64.914 44.6979
10.8341 45.2578
15.622 9.9867
15.134 70.658
65.19 56.5703
9.30241 58.0331
69.0832 36.6414
12.9376 54.2661
40.9361 18.1939
15.6653 2.80329
29.8372 93.2521
43.3012 87.2523
98.1389 64.592
24.3658 0.933935
46.321 9.2707
90.1639 79.0063
13.0608 82.0797
56.6002 5.85166
23.9459 95.9517
73.1525 50.7412
93.6158 61.6553
28.6372 77.9808
76.7056 82.9152
5.64329 48.9371
39.2157 69.0226
74.6011 50.6027
44.9898 29.2347
72.9727 14.4494
90.9632 30.1131
19.7743 46.0431
86.5545 61.736
0.577775 18.5167
72.5304 45.4264
9.47061 24.1676
57.4072 75.3562
40.2893 16.8027
2.78263 46.16
44.8962 25.7009
91.726 58.6997
85.7012 95.7015
14.5552 11.0579
88.9269 64.4399
20.6736 70.1836
91.0207 7.5434
42.6536 46.8246
9.93933 3.07598
95.8535 29.381
2.54796 96.5081
51.1078 85.07
82.394 68.3556
80.108 73.4091
87.8179 40.2434
63.3138 49.3634
42.0111 29.823
28.2294 40.3706
83.9908 10.7358
33.2625 49.0394
77.3539 51.5642
10.3398 83.7566
89.0254 95.9152
31.936 64.7147
68.0929 4.67007
60.1018 83.0402
51.5349 47.2293
35.222 0.166291
44.4028 42.1442
72.8959 40.6119
25.5106 97.0344
73.8626 40.2402
71.639 4.26019
7.99514 17.7968
98.3631 38.3999
96.1375 12.2882
26.5867 54.7287
93.9307 37.1507
91.4332 9.46687
85.7699 57.194
4.16081 38.2502
41.9375 23.8663
53.3502 44.5877
88.5841 77.1859
68.1119 39.0513
48.263 94.3407
75.4501 53.6567
17.0473 45.4987
37.4961 86.4559
74.2366 94.8134
26.3444 49.5303
91.645 98.5554
21.4571 23.4941
73.4839 4.37713
1.72372 71.3857
19.7137 91.4316
40.5363 27.8324
27.9191 54.4003
12.1564 86.3291
36.6106 89.2471
9.82416 42.2176
36.4732 56.6442
2.2367 71.9488
16.4305 68.6482
53.2198 7.63935
28.0858 81.5543
4.49158 25.0804
54.7726 63.8295
0.157005 83.3157
79.6632 91.7067
74.8296 82.9801
67.4958 10.7403
8.5279 37.4761
85.6663 43.8863
52.1985 44.2213
25.6426 91.9565
70.3606 76.2601
22.4453 54.7255
8.32744 19.3665
81.887 89.3811
46.6845 39.9817
37.2825 27.2574
3.04339 67.0316
18.4215 6.20862
28.8899 64.7995
59.0596 33.0412
81.6853 39.3663
91.0234 59.345
16.5331 37.15
98.7469 54.3487
81.1438 11.4526
25.5767 93.806
17.5458 73.747
90.5032 99.6388
56.9582 85.3152
45.803 81.7227
57.7548 58.9478
94.9278 30.9963
90.0421 59.5036
83.7909 8.26584
10.5982 36.4044
50.7603 69.589
88.8018 1.56868
91.5117 23.7764
29.0737 92.1791
70.5777 49.2493
7.01261 83.8652
54.955 79.0331
50.9193 81.0352
5.36639 30.2183
8.90698 89.4954
56.0452 10.0163
49.5719 65.7895
61.781 89.8252
44.4958 93.4076
9.58617 32.6711
98.4957 85.4459
32.1603 83.8193
44.3797 55.2234
56.849 93.348
34.4873 0.775603
18.4641 73.3809
1.79248 62.5842
11.7528 28.8094
33.369 93.5227
80.1276 18.2124
23.4006 63.2959
91.0246 58.5569
39.8975 96.5798
23.9953 54.6796
92.3524 21.3927
96.3534 37.2455
69.9097 3.28233
92.2134 5.70625
5.15168 0.100293
42.2413 4.74154
70.5271 11.6225
82.9884 17.2201
34.5206 33.6432
73.4588 49.0172
98.0476 23.5696
4.61873 61.8592
88.7857 73.3072
47.8783 57.7738
71.6164 96.1986
17.0973 71.6033
94.203 91.7517
17.356 41.3147
16.4065 83.5749
47.0151 95.7742
10.746 9.00389
58.9891 5.21992
26.5062 38.7711
85.9376 55.6471
32.83 18.6771
73.6109 57.834
82.1112 15.1072
81.9909 3.93724
61.0941 5.10258
89.3006 52.6074
61.6309 3.72214
96.2383 2.24454
90.5777 51.3452
7.84056 46.8292
51.9195 12.6014
14.1648 54.0211
33.5753 78.1693
19.2229 92.6181
1.29029 20.6901
60.4862 47.2223
50.8747 7.03508
76.0501 91.8563
1.76356 86.6995
77.5717 93.8384
23.5281 65.7384
36.167 7.4831
41.9555 82.4339
3.5718 81.0106
31.6614 87.5806
24.904 55.0315
53.6511 10.0269
6.89501 19.1101
55.2431 27.3026
81.3515 60.1266
27.6641 16.0909
61.3961 82.745
18.4765 66.8495
55.0068 0.610845
70.2007 59.4288
6.07572 34.387
85.4551 96.4153
18.0342 28.6592
7.32285 60.577
81.3136 39.3071
64.451 98.0796
79.266 62.8588
23.12 25.9502
41.4686 45.5787
89.8728 0.752681
98.5148 94.0514
90.5024 67.6015
35.5005 8.34249
88.2118 4.01329
22.2875 27.2504
17.0284 30.3289
54.6001 46.9624
62.0684 12.1751
29.7447 31.8737
94.1259 23.074
54.2838 61.5202
5.87839 41.5332
17.1491 58.1486
46.8217 5.2684
35.9375 51.638
18.7043 63.7165
86.526 14.3998
57.363 66.3391
82.4977 4.34032
18.8334 59.8611
8.77145 8.96429
49.0293 91.8708
96.4426 15.9119
97.7581 97.1558
5.49455 76.472
30.5714 92.4236
33.9953 55.1618
68.7652 43.1067
42.7433 77.4673
74.9713 47.4829
37.7769 54.7777
2.24707 66.9289
24.8865 6.58326
40.5282 33.7435
13.3045 46.3451
83.4618 44.923
82.8208 48.5718
10.4359 66.3402
8.20611 22.0122
59.0844 17.4554
55.5387 19.7569
72.1549 72.8179
13.9444 7.15494
69.3394 54.3958
26.2101 42.4871
54.4635 51.9158
24.7797 62.3785
83.646 66.1951
45.9509 55.7078
26.6807 0.859565
8.66545 63.9408
32.2543 83.8781
90.4679 63.9306
97.3714 58.7487
18.3666 97.8933
46.7727 88.8204
78.9747 11.2175
18.2891 62.9725
81.1847 88.5555
4.71388 87.3768
22.8481 13.7634
9.07212 97.8399
7.50915 76.2882
10.5235 67.3623
74.4014 48.0406
41.8347 24.1545
27.3371 30.165
75.9864 40.6796
49.5213 40.3349
21.2596 71.2776
39.3715 34.9125
48.1068 50.3616
43.9759 69.2001
87.8381 24.8881
12.7877 20.2623
39.9347 97.9741
94.1549 56.2881
14.6098 94.7594
60.2233 79.9241
29.2723 94.6422
46.0903 57.1219
15.8709 41.3514
20.9025 76.1853
62.3061 63.3689
98.2151 66.1873
86.1635 72.9648
66.0483 39.7102
72.9891 46.2415
76.0235 9.6981
14.8583 9.11244
19.7359 47.6409
57.6571 70.2596
97.9111 82.3179
70.1162 98.0233
17.3871 14.4264
30.0637 15.1008
10.4156 11.0145
50.2751 0.941444
72.6626 87.0659
7.02842 95.0773
23.1159 78.3074
18.0986 16.1905
86.7807 28.1574
15.7993 85.8824
72.0115 76.0676
56.4269 6.00939
42.3059 65.9357
76.0383 40.7584
36.2371 50.9966
8.91888 71.1545
83.0649 45.8056
16.3814 2.96098
19.7994 60.7554
16.1662 31.8142
64.7163 12.9836
52.9333 4.91868
23.3346 70.9628
44.4829 48.6244
80.0455 34.7896
67.0207 98.4046
64.4767 93.2921
49.4603 69.5742
69.7206 12.8352
59.5566 68.9147
43.8792 44.6199
86.7826 28.1475
20.1417 26.9258
50.5827 79.1627
41.1888 82.3841
13.4498 8.169
7.6314 27.3397
29.5719 54.7561
59.5122 73.0263
14.502 82.8981
91.1755 52.4945
96.8797 85.1408
11.4702 35.8068
44.0518 91.2519
89.5934 15.2784
6.75715 9.05669
58.8004 13.7397
75.4792 47.1639
21.9675 50.5994
13.0998 63.5203
84.5213 38.2144
46.4624 23.1626
93.4563 15.9703
75.4212 54.5973
86.456 66.3054
42.8535 38.9233
17.2487 86.5962
11.1938 96.4203
20.2361 42.7494
42.2215 97.8378
15.0517 29.0422
89.0513 2.95876
5.23268 86.7138
18.3251 42.0156
84.7636 0.072393
18.7593 88.2203
24.8171 21.0572
67.2288 52.71
32.0594 45.3213
94.7734 3.67911
24.3913 89.2575
34.1837 26.9718
69.8188 77.8047
2.78542 23.1938
76.3481 52.45
31.8302 77.2049
81.7313 3.97708
75.3975 11.3571
49.7513 40.832
30.4448 85.7325
62.5161 63.4996
0.274216 9.30441
30.06 86.0484
13.5069 59.0647
36.1464 53.8491
5.38895 55.8237
43.1624 27.9518
65.6692 83.5962
77.4083 7.71122
55.3172 23.9365
32.7545 14.6815
45.6426 96.3038
52.1564 84.1335
2.40121 6.73383
92.1996 67.2125
58.4459 47.9087
79.712 32.5795
1.27719 61.9909
81.7603 84.2547
39.7779 60.1138
99.1196 99.3311
71.0545 76.9981
50.5867 57.8219
62.3008 23.1652
28.2877 53.5838
89.2442 65.5441
41.9962 44.9665
20.769 44.7657
80.6712 89.8334
8.50181 41.6594
18.0666 31.582
63.7688 9.60766
42.237 12.6605
15.3117 28.8411
1.026 96.1855
87.9707 86.6037
97.5268 89.2727
9.34723 3.85612
21.7033 39.7343
30.2556 91.5623
82.278 22.361
82.0842 33.5551
35.6147 21.5557
53.7333 79.0868
77.8968 10.6814
61.3305 3.28518
81.7339 23.6783
3.19286 26.4966
24.0942 22.9775
12.7449 63.1853
78.5583 84.41
81.8524 63.2731
28.5538 68.0729
93.1224 41.9794
79.1357 34.0918
7.61426 60.3275
1.35028 78.0063
9.15982 41.4988
54.3966 53.4556
88.4811 20.0081
87.3643 96.5894
67.8741 65.4559
31.0664 66.9336
6.51254 27.7762
15.7964 19.355
57.0438 65.2751
99.8618 94.3795
66.7951 46.0976
32.8489 6.57723
90.1771 80.23
53.0944 90.6347
48.9165 75.7368
34.6336 45.072
27.6393 73.2291
61.366 32.241
91.849 50.434
14.7823 30.5793
10.5131 4.98253
63.1824 4.03532
77.443 67.3551
79.6842 28.3011
93.8012 30.1349
49.4068 85.0219
90.0565 11.1325
16.5 69.3291
73.5487 26.817
73.1666 77.5557
48.7238 70.0101
14.9712 69.7646
70.2406 7.14523
68.7185 99.8613
94.6495 76.7092
10.9023 91.9854
60.9405 49.7263
1.26756 21.7086
66.8443 96.3718
63.5533 26.7329
98.2741 17.3271
53.5672 10.6451
16.9011 79.2351
18.9342 13.6244
66.79 57.4295
73.7311 68.2179
49.917 15.7886
57.2757 52.9796
91.4314 1.81638
1.46661 60.2793
49.9578 19.7342
80.9118 11.1578
92.521 75.7685
10.6389 65.3491
83.9244 47.6704
57.0293 38.3799
42.6639 27.9109
56.1506 10.3845
50.8409 73.3762
16.8373 7.53176
64.8816 66.8047
77.9715 15.2329
78.8659 44.0402
26.8972 27.4558
31.3746 57.9135
80.6488 51.9278
70.9753 44.7568
91.0889 41.9785
13.7875 5.09402
48.7076 96.2611
69.3327 54.4239
15.0584 91.0393
18.8969 59.084
23.6023 29.5341
42.7041 96.8838
78.3477 20.0215
28.5788 46.7079
45.3123 4.26514
79.8879 85.4774
65.6902 93.9067
31.8209 70.7085
27.366 31.0209
91.2123 74.5816
20.4862 3.85073
44.6411 88.8532
67.2817 49.6439
34.1554 41.1654
67.2755 20.956
10.7798 49.6771
30.3834 90.8907
90.5893 7.31061
31.6977 9.74215
77.2522 98.3622
90.5387 50.6747
69.1211 87.7078
92.936 19.5351
42.7352 32.4061
59.8656 27.3343
8.14019 99.8318
53.2236 39.1741
13.1134 7.61972
69.6356 75.2993
1.77963 69.1754
72.5672 55.7247
4.0609 12.8717
55.3386 18.0474
61.1027 21.6281
47.298 42.8783
16.8745 80.6242
12.8933 66.8739
75.5926 48.0647
24.1889 87.3891
33.6684 72.5548
14.6422 20.9842
87.3693 76.3269
97.4128 14.1901
65.9283 21.7055
53.007 77.5501
60.5108 97.0161
47.7025 32.3949
27.9076 81.4472
12.4727 81.7903
44.451 27.7565
0.686905 16.1141
37.9086 87.3865
51.3133 46.5328
29.1904 39.4142
25.6629 63.5765
8.81386 93.7883
15.6924 60.5576
25.7817 30.7006
30.2314 37.0264
52.3548 32.9093
29.7064 32.3874
33.9601 45.6347
24.2305 7.76126
68.3335 56.7261
35.0517 57.836
87.3748 75.7856
46.9348 71.8245
93.055 8.2759
56.1657 65.9579
10.173 84.988
0.356165 55.1158
76.9109 31.7052
21.1744 68.1267
91.0935 64.886
19.3859 88.1768
42.7241 77.4076
93.2648 27.6998
91.472 87.7773
74.6662 18.0769
88.9115 46.7602
93.5038 86.1563
71.6633 16.9437
88.2151 92.4934
11.7132 24.3613
26.2958 46.5442
47.1331 13.1188
76.9627 91.3098
41.6667 85.8427
32.1248 13.0041
23.7365 44.0108
90.3033 50.3982
82.9144 82.29
7.41913 55.9525
74.3883 10.7994
79.4585 53.6749
16.5977 2.26998
4.06687 8.35801
95.576 51.0507
3.5533 46.177
29.3057 27.0657
95.8903 41.2606
14.9234 55.5046
16.3178 19.7086
10.4016 8.75936
24.1155 51.8462
10.0367 78.5416
96.9789 38.7572
31.7458 88.7287
18.9527 83.3956
90.6738 81.0753
45.4095 73.4291
16.0742 23.36
72.6549 89.4206
84.2935 76.7456
33.6264 75.19
0.897984 1.02915
42.3502 84.1552
68.4137 4.71912
3.03469 58.1924
27.922 69.7754
9.57604 22.3817
96.7861 12.407
46.5747 58.2705
84.2342 82.9866
61.5181 20.7827
53.8327 53.922
67.763 65.5181
9.53597 71.4806
86.0701 18.7382
96.9111 7.70919
76.6409 88.2767
50.8165 42.8558
83.5857 16.2949
37.6055 42.1728
54.3324 73.2947
86.466 44.882
46.6554 58.4439
55.8084 20.3878
84.5041 99.1717
16.2375 1.56595
44.4338 22.7556
31.1888 32.836
38.7793 63.0514
93.6586 22.0413
93.1898 36.6638
31.8224 3.22179
57.5363 45.3197
30.1009 68.4835
66.1865 9.72439
28.4136 0.414753
11.3178 97.1862
40.1835 68.0575
56.286 92.3399
72.5487 10.7972
31.772 20.4121
46.6689 74.3061
28.1106 63.2479
19.9901 28.1361
46.582 98.7547
86.1045 70.6365
23.8975 61.5794
19.8253 68.311
99.3338 58.4823
85.4991 17.5924
52.8205 64.6054
21.2785 86.8149
37.6074 52.0873
66.9302 69.9363
70.2984 36.3312
37.3758 9.79179
91.8251 93.9238
48.2049 50.4435
77.9502 17.5108
14.8985 35.1426
71.4299 61.2436
92.0112 62.6925
37.4674 89.426
1.03697 84.4185
96.5888 78.167
46.1239 78.4926
85.3996 49.3303
85.5349 13.2017
72.417 81.9348
42.604 15.4836
28.534 8.89831
67.4324 86.7691
35.847 98.3602
53.823 94.3934
62.1966 0.939531
51.8765 22.7371
52.9988 69.6923
29.1298 74.811
15.2767 7.59186
96.3408 7.65737
68.4571 5.01494
1.40282 36.3035
67.395 42.5189
97.0527 87.0089
19.9905 95.9605
47.675 90.2695
0.743495 5.26983
26.5998 6.93484
4.19387 2.13056
82.1972 36.9278
88.3189 56.9359
33.2645 40.9555
97.297 55.0907
58.598 67.9245
4.59341 59.3289
79.8251 3.32026
77.1466 19.1845
92.5173 4.44891
83.7317 93.706
58.4035 6.25748
33.0431 6.24636
12.8694 26.5917
35.629 52.0643
75.2245 58.2254
34.2127 15.8123
69.8142 44.6956
81.0879 11.8941
73.2079 24.5994
23.453 67.408
27.9798 58.2005
57.865 79.9456
30.2426 76.5792
46.2809 26.374
29.3335 90.1137
50.1225 49.0587
11.5934 98.5966
27.8815 2.32306
3.01306 51.386
8.65822 41.6731
46.2356 32.0386
35.2928 63.0394
94.9611 24.0391
15.7267 9.29103
23.3182 62.6553
14.2559 15.7988
98.8306 19.647
84.7303 9.02083
73.5294 84.1761
16.123 26.9224
92.5471 67.0288
48.9232 2.61259
50.3931 73.831
72.0464 62.784
78.8552 12.0066
67.9151 75.6532
24.5961 70.7354
49.3775 33.2455
33.219 96.2472
7.74093 35.0358
48.1716 26.8924
15.673 59.5429
90.9721 93.1492
58.2277 60.346
79.8321 47.0068
90.558 34.4457
68.0305 13.7268
88.7361 25.577
95.6305 90.5344
38.1008 63.673
48.4274 57.997
77.5922 80.7909
53.9141 49.2323
50.4197 0.654721
57.6064 48.6938
29.4813 2.13743
85.3667 31.4523
71.4333 99.423
49.0005 36.2579
96.2286 46.9845
83.0878 54.3681
64.8279 65.4493
61.2375 25.7496
25.915 29.8596
2.80521 71.9423
93.3305 53.9008
76.2535 72.3012
31.3595 73.1005
99.6073 75.9071
2.61751 36.2595
63.0737 43.7751
1.16258 9.68717
61.3204 97.2279
40.8769 28.2102
10.0362 30.8385
35.7194 75.2045
34.328 72.7448
62.1767 23.5506
75.4105 99.6148
26.3299 66.4275
44.596 38.1932
97.6495 77.408
34.051 33.8283
35.5374 3.31451
76.2819 54.6547
68.4249 81.7169
56.3774 11.0228
75.0271 72.4043
70.2745 5.47095
32.7135 51.0368
73.1817 30.7159
96.9243 2.32574
88.4959 83.0085
51.3176 84.0133
33.261 31.0238
43.4587 57.8632
18.6198 15.6036
13.8683 55.803
89.7035 94.4944
0.494318 30.2194
42.0526 76.0076
75.2921 67.7483
26.7187 63.3191
73.6933 86.2329
1.34825 26.3861
79.3973 80.6665
45.3657 64.9882
9.82952 36.3273
67.7324 4.79475
68.7336 44.6999
27.032 64.3783
1.01955 88.034
69.1109 68.2011
16.133 22.6842
18.7464 69.3219
32.1222 39.8905
55.0529 15.3713
63.2727 46.9536
27.1536 83.8967
88.2406 54.5884
74.1967 93.1016
45.0119 96.021
86.2344 98.076
55.3415 82.3401
85.8968 32.8756
3.42391 81.6213
2.58681 55.2587
57.531 96.5571
90.7154 92.6224
1.96003 35.9967
18.0278 33.1565
49.3053 37.3814
52.7506 81.1852
18.8213 1.63792
73.6494 77.7055
19.2759 51.3092
88.3496 52.4646
85.8338 5.22582
25.9338 28.9125
50.4996 89.202
74.1808 94.1226
75.6946 62.5336
33.9986 13.7391
68.2093 60.2801
32.2553 11.9908
40.6145 80.8749
72.4354 10.8804
88.5251 76.9832
32.5381 45.8459
1.89188 37.81
31.4857 13.2553
63.0219 33.6639
20.6674 2.91412
48.9538 73.892
10.8597 35.2298
26.5955 58.193
58.1282 97.9948
79.8067 67.8411
15.4017 46.0613
21.659 19.5066
12.8596 5.22248
60.3079 77.4769
31.5367 39.1828
95.7053 87.8638
72.0125 59.5009
10.3744 57.6282
28.7883 23.4145
43.3305 52.5888
80.2152 93.9774
99.8501 56.5504
13.7655 29.0821
73.0456 30.1696
99.6442 27.3214
61.5776 15.2526
67.0216 56.8626
63.255 95.1453
10.6142 5.29351
79.7238 44.9538
32.6524 10.6861
56.7521 92.3164
72.5327 10.3654
94.1017 24.7998
34.802 15.4934
13.3801 70.3167
28.1213 0.508787
74.7994 90.3227
21.1974 17.4772
31.6817 37.92
88.6961 89.0234
55.278 93.274
86.98 20.2341
22.1699 32.0104
91.7513 46.4039
56.7183 35.605
83.097 49.9527
25.0458 16.7871
66.9208 6.09331
74.9229 7.27105
54.5985 27.2124
32.2429 0.408465
28.1636 86.5276
79.6102 27.1362
85.4016 27.6379
17.5332 9.97408
62.418 38.3208
79.3394 99.8325
50.3404 53.3649
47.1483 66.9147
80.5375 10.7319
6.93284 69.1968
14.2693 21.6708
61.9738 91.4812
15.0334 18.5591
18.2863 92.3225
55.688 22.2545
82.8445 94.4736
70.9087 45.4628
20.8879 13.2692
92.1075 45.9086
88.4556 36.1277
61.0248 46.3867
25.8512 99.8245
84.0411 42.9682
49.5769 79.9446
16.0405 84.8834
50.6374 15.2533
35.6519 32.2151
4.87596 37.0029
20.8597 64.9646
16.8789 25.5177
61.7693 5.71151
20.3535 47.5354
46.8528 95.6584
43.0454 56.1396
3.95907 31.9705
78.8984 74.6081
93.7763 53.2203
2.35171 82.6258
32.2101 92.2434
25.7073 54.9369
52.664 63.9435
6.13668 98.1929
63.2337 25.7937
12.7893 94.4512
85.6146 26.9067
31.6038 45.6808
64.4162 67.7776
30.8271 5.79122
51.2314 29.7545
60.6166 11.7853
4.39758 77.9058
4.40845 47.5574
50.9494 66.8182
53.5315 66.9962
1.53942 61.5752
9.48383 0.307836
95.2587 17.9442
9.93712 19.2081
58.5111 25.273
12.0318 34.2838
62.6899 79.8372
24.5493 80.2236
99.1287 47.6379
90.9085 66.0754
25.0935 54.5266
24.0593 54.1352
32.7333 54.5976
33.7496 25.4093
51.7625 34.9729
56.4002 54.5657
96.1371 39.3088
37.9404 57.7246
22.4073 9.63801
36.6177 65.5984
72.7626 3.12996
97.0354 37.8993
10.4485 57.5824
76.1928 13.7855
43.8544 12.4902
93.7885 46.4107
91.7735 93.1431
21.3753 53.0842
47.5715 86.374
33.0549 73.6338
10.4676 94.5681
90.4686 40.9642
53.9043 5.67062
86.3115 80.8197
92.987 89.9885
12.0772 99.6674
6.46408 3.34049
61.8208 23.445
53.5041 48.5786
32.2731 94.8161
69.2945 47.8129
64.2111 49.7288
63.7983 34.7054
17.3183 17.1176
11.5043 54.5809
43.8697 68.0313
21.6786 31.3959
58.2724 37.5353
7.29776 22.8635
73.3222 13.1132
28.8778 53.6514
17.575 35.4251
10.4789 12.9789
62.1393 48.5632
78.4738 31.2752
77.0583 36.1712
67.1617 85.3889
6.97698 72.0766
51.2458 41.2765
67.015 9.45213
77.1103 68.994
75.008 60.6898
48.5765 66.7597
32.4725 58.4234
3.32227 68.7036
75.4578 10.5015
68.305 62.0088
11.3701 51.8381
32.7114 90.2899
60.4438 50.9813
40.0221 3.00795
8.05727 60.1523
94.0807 52.5387
63.851 45.8334
65.7131 65.7836
74.5556 45.1414
11.0331 29.7309
66.283 78.1347
58.8259 27.6899
97.6915 56.6316
91.9016 87.2294
22.0055 80.1838
72.0197 35.9671
37.9609 99.1479
45.7292 43.9148
9.10316 22.0551
41.6864 69.0076
63.433 89.8162
96.9227 79.9885
27.5517 13.8296
45.5643 72.8771
71.3968 89.3466
68.9935 89.5838
10.0228 28.5395
2.05543 57.8682
82.2078 45.946
14.4895 70.0739
84.3982 11.405
94.6418 76.3117
0.780606 75.1776
62.1275 87.5471
3.66535 97.3506
75.7927 47.7728
4.55036 49.8191
15.2532 0.971739
51.0415 17.278
77.4306 88.2065
78.2105 33.6279
71.1761 43.3988
34.6593 42.3904
36.7541 72.7282
32.0223 62.4356
32.0096 22.3965
50.7192 79.1362
19.9199 90.1705
43.9068 97.3632
93.1455 90.0912
71.136 56.3507
84.6096 36.5662
20.9786 22.3946
18.7349 20.1806
23.5293 27.2326
5.69654 82.9213
60.8605 15.3219
36.7789 98.0262
34.318 70.6687
19.4579 58.9057
84.6276 22.9087
21.2109 1.44595
87.7609 44.9873
90.7988 51.4834
48.0034 23.1296
82.4968 63.3563
83.6806 72.7699
66.2352 65.535
37.9314 58.9172
14.3439 39.8279
28.3468 9.98436
51.3235 54.2323
70.5106 99.9214
54.5481 20.6415
11.9582 60.6315
42.5977 5.9867
71.1892 46.6448
64.3057 60.635
78.7429 13.079
55.1944 79.0668
81.5774 53.9314
57.4947 40.0128
54.0252 65.5454
57.1318 78.1433
77.0271 37.7957
62.951 13.1849
72.015 23.4269
37.0745 96.8801
94.7032 18.926
12.3651 91.4073
81.6717 25.2506
94.9308 8.15633
76.3553 40.0161
76.1995 71.9135
75.2843 22.7942
75.5707 59.6935
58.4098 36.4261
65.9157 15.2024
88.7728 96.0317
73.9433 70.6227
7.62779 75.2662
77.7284 86.2298
86.7894 7.60139
7.69933 16.9698
36.2663 96.6486
60.1915 53.2585
27.4974 28.7635
79.7742 68.7316
85.0355 24.4518
85.5857 3.92482
9.34379 18.5344
78.208 98.2855
8.62066 21.873
55.9388 50.0473
33.7386 3.13123
42.6922 23.4253
23.5254 75.2276
10.0549 40.1588
50.2109 59.9925
26.9261 12.7962
59.7918 76.9392
81.5348 34.847
60.338 45.2622
10.4636 69.2185
18.7769 55.0604
85.1315 66.7369
51.7531 75.3498
61.725 19.3771
56.9862 84.1971
26.3007 28.8236
45.6718 35.5549
67.3052 44.2234
86.0179 59.1649
89.3722 62.9387
39.6977 15.5277
35.7056 20.5388
21.0216 70.7415
16.5064 17.303
70.4432 32.5306
0.134126 78.7071
40.694 38.1789
88.2507 28.9573
62.9883 86.6029
13.2371 64.0334
36.9084 53.9507
0.912913 57.8982
17.837 41.5314
12.6919 64.7404
72.3868 87.4637
69.9261 2.5991
94.194 80.8116
60.4246 52.6342
16.3335 85.4102
63.9473 15.7493
61.4406 2.61164
25.7359 50.5363
49.4844 49.9523
14.5528 4.51995
15.3868 10.4811
8.2087 5.64811
1.91084 19.209
98.3861 2.13256
67.1465 93.9772
91.709 65.4953
61.2697 36.0676
26.4754 50.5993
18.8257 24.5439
27.1941 58.3145
39.525 58.004
12.8853 89.8201
6.40455 22.7487
32.5616 75.6247
94.4578 78.0309
64.5422 75.9607
93.9085 25.8405
17.233 74.3558
27.7073 82.4793
70.6068 20.2932
34.3086 98.5547
70.2992 71.0142
52.4987 80.081
10.4932 13.8132
24.5558 55.4922
63.6216 3.89232
12.9895 19.1037
39.1816 51.42
84.1835 7.61381
58.8329 30.9828
90.8987 50.8998
59.1819 9.62503
46.0815 5.46669
18.6192 28.3529
49.2546 14.2437
11.0315 17.0167
46.6689 18.5962
85.9199 94.7738
95.9456 36.8909
77.8609 92.3028
63.6252 16.4663
92.3864 33.8798
50.2845 41.1488
18.0327 74.9309
72.878 42.8662
45.2132 1.19475
93.2322 7.89618
79.8267 73.6399
23.5929 2.97839
16.9559 80.9023
80.1693 83.1286
30.2623 22.062
92.4138 71.4703
29.8576 22.7808
77.04 92.5151
23.1202 78.6009
60.6597 27.6686
33.1882 90.104
43.7792 30.8315
73.1621 89.9688
35.5139 20.596
24.1025 22.5705
76.6588 51.3587
2.16135 96.0915
24.2306 85.9948
88.5359 37.7215
69.4748 91.2765
56.471 56.0648
60.6092 12.9698
28.9816 63.4604
46.781 36.6328
57.5072 78.8766
57.4972 89.183
89.2637 98.2889
84.6063 34.1565
17.3756 37.2936
74.6896 47.1875
90.8511 12.0329
59.8603 35.1159
67.1811 14.4235
99.0711 59.7561
47.5043 80.1989
98.3561 17.3927
48.489 17.3567
52.0344 60.5804
31.4834 18.809
72.5183 1.81621
41.6229 56.878
77.778 90.0793
57.4242 26.7236
65.3392 88.2804
1.37364 82.4155
29.5072 99.3346
16.3283 35.2484
26.4112 44.9795
69.7262 5.37028
63.0059 85.3827
79.9691 77.2078
53.6007 13.6117
72.8227 97.791
89.8321 60.5971
46.2 85.7008
92.7046 41.3601
52.3293 80.9206
59.7191 56.0749
27.3451 25.3278
39.2721 90.995
37.6806 22.8742
21.1249 12.3465
0.356543 69.613
60.5673 80.911
24.9128 21.436
80.8891 61.9718
57.9642 93.3113
80.942 65.5387
7.11996 87.1794
92.9431 43.7526
58.302 31.5722
67.079 64.2176
7.4955 57.4356
66.0449 57.3292
79.4807 66.8264
72.4883 87.501
98.4243 63.569
68.1117 79.4436
58.8961 60.81
26.2896 80.1337
79.3253 86.6273
75.3761 74.4374
31.9076 13.1764
92.6203 62.7324
40.749 45.04
3.12245 60.7235
71.4299 21.242
54.5243 87.0341
67.0127 81.6256
74.2917 77.9141
96.5446 22.7213
78.3632 10.414
8.87503 56.5731
98.5576 98.5596
84.9818 79.1702
22.7047 44.9294
78.9044 70.4993
89.4474 46.0375
87.6759 40.6125
74.5296 29.5398
53.437 26.3362
85.6087 69.2213
96.2882 88.6013
69.3266 48.1015
72.3217 69.5772
42.4086 87.0878
64.3762 57.1222
7.90909 61.5008
51.1946 64.7807
41.9756 53.9196
63.5394 11.6006
50.6488 56.6676
63.7477 18.0372
88.7619 53.7032
57.9647 99.7217
72.4401 81.1187
23.4645 95.6845
40.2699 81.2711
88.4977 12.6284
22.2351 70.7747
57.2988 26.2465
35.9225 72.6051
92.6815 66.6082
86.4099 27.7565
49.3335 70.4687
57.8125 15.9264
8.43171 36.7922
97.844 60.5068
87.0744 7.29901
74.1628 47.8587
81.8995 25.1724
35.9053 20.6914
81.8669 32.6483
16.6233 99.9091
94.6618 7.29068
49.4751 50.9304
68.0886 64.8897
30.0943 94.7744
7.78506 87.6007
21.1416 42.4034
57.5977 72.4789
99.2829 14.4945
6.22311 92.9283
1.46949 96.1133
76.7998 84.7172
0.998942 32.5863
75.9343 37.4783
28.2667 14.1015
53.5752 35.1912
41.2233 5.96404
15.6149 10.6178
12.7825 91.8398
48.6975 37.7576
85.7441 72.7436
1.33861 11.7384
41.2794 81.4638
33.7551 6.69647
30.3565 76.789
40.4836 14.3741
6.20683 9.40204
95.8209 81.2791
15.1904 85.7992
42.2575 50.3824
28.2666 96.9205
79.0898 66.7747
6.98888 44.2815
25.8295 9.54296
20.0528 95.9124
66.3583 48.0444
94.5048 16.0183
30.7545 91.6532
66.1846 84.8299
52.1892 62.6248
11.2551 80.8943
4.09652 38.156
91.2066 8.27586
21.0871 77.3791
8.90278 84.1652
92.5466 42.049
0.917499 63.8361
49.6742 4.93139
90.5303 19.3728
46.8939 59.5106
19.3289 9.78947
73.5235 14.5658
60.1197 83.5278
14.9401 23.1153
71.1858 64.5858
58.3662 69.6542
84.8869 66.06
40.1119 57.5772
35.3725 69.6414
66.9945 11.9039
43.7341 87.9503
78.5621 61.0581
0.326082 61.8141
54.8113 44.3534
50.0721 24.4109
0.0338189 26.0594
99.932 26.1062
79.628 52.3494
33.225 20.1703
30.0081 11.4689
4.66687 43.4313
3.1423 66.5309
72.9605 37.7153
93.5806 69.3055
55.7904 18.3759
60.1207 70.8291
96.2621 27.4146
65.9527 5.25361
92.135 82.6082
89.526 18.7302
55.9266 68.4967
30.2451 33.7112
96.0301 61.8284
83.1411 66.9884
26.9621 98.8002
74.4174 10.0668
70.4981 64.7205
76.3452 77.7277
33.3982 65.8049
40.6219 36.7392
48.5636 37.8238
32.5347 97.2543
9.04238 79.1441
44.0605 76.0422
50.5186 66.107
54.1542 84.3214
15.7634 54.9679
81.0157 41.1284
85.4216 22.8439
15.6805 4.08093
2.88706 8.43173
71.0096 80.4751
40.2217 12.6055
38.5063 50.1298
35.7949 21.3229
97.2343 7.81494
30.7243 24.4707
92.8114 49.5277
76.2361 13.9005
29.9476 41.6439
46.5599 2.62415
88.0732 91.3517
61.5639 14.2034
2.80371 5.08326
53.3667 8.12532
28.1273 74.8374
91.6806 2.2819
23.9857 28.0207
1.24361 32.6888
16.405 93.053
73.453 37.4585
98.5917 98.2624
51.3027 85.9371
85.3953 63.6809
80.5353 63.4039
50.1428 22.9936
1.60531 85.9551
75.8425 45.7582
71.2457 84.9012
26.3062 45.8492
70.7313 55.3585
83.499 40.1774
85.2564 65.2569
38.4652 52.4617
96.7888 37.5546
64.9136 72.3706
40.0079 4.7484
21.2459 31.9826
6.46992 19.3996
74.8447 74.0726
27.4524 35.3983
78.3658 36.7438
30.7067 5.3627
84.3955 99.3458
20.5471 83.3898
97.9335 1.3905
15.442 94.7219
10.7639 25.6667
9.94101 31.4512
83.5142 14.2825
85.3178 48.7939
63.7832 28.3895
30.3148 30.735
58.6721 12.7036
53.9353 33.4266
67.1667 71.1169
35.0804 72.6626
35.1308 59.1081
7.77816 78.1564
8.40874 7.95422
8.33206 81.1236
84.0243 32.0783
46.139 49.9254
95.7486 98.2721
41.9041 52.0692
68.5111 31.1799
15.0365 66.4293
6.38597 96.5858
72.6771 88.3459
84.925 71.1562
51.2765 22.2514
48.3913 59.0092
28.8332 58.7415
78.6777 43.5755
52.6454 31.856
77.8936 18.4071
90.7749 3.67251
26.3593 60.4499
78.3045 39.8495
83.4729 73.2653
30.4948 0.163442
89.1326 92.0892
99.4649 15.2316
19.4777 55.982
26.9294 87.079
27.303 80.5194
53.1123 55.4886
8.98906 75.5566
7.24507 66.5712
73.546 88.6202
43.3893 44.2325
4.62808 25.8849
65.6554 58.5986
41.7734 23.5218
51.7715 55.0063
58.2066 23.0501
18.5557 58.3895
52.9408 37.9013
85.1726 24.9216
57.3143 93.7876
96.8439 36.0083
29.6695 9.71966
20.3614 3.09572
64.2806 15.045
42.4543 14.5466
84.7437 4.6994
71.5764 22.1784
59.7437 0.330993
20.9035 25.1677
30.0339 59.9108
41.8142 1.23671
77.2054 56.5278
89.4572 14.5556
4.98659 79.6805
87.1946 8.75868
88.1058 26.1691
84.3353 38.5576
82.9786 32.995
85.8951 66.496
3.33182 58.9308
18.7513 56.091
86.3453 40.2773
26.4146 59.965
2.12505 88.2901
55.1198 7.39003
3.03475 28.0957
86.2684 96.4151
75.1314 88.0741
53.9469 94.7998
78.0864 79.9183
66.5454 41.4653
53.7205 46.3153
14.6592 78.1625
72.4957 83.3613
37.9591 45.8777
91.4787 59.7324
31.9122 66.2475
74.6615 31.1775
35.0137 32.4495
67.8283 43.1219
99.2351 11.7741
52.7665 79.3251
73.7859 92.633
53.6756 73.1902
97.1051 11.5085
20.732 71.0343
63.5976 96.5142
90.114 72.6111
42.3237 68.455
31.755 13.3601
83.5293 59.4287
81.6809 87.9199
32.0763 1.21698
19.3389 34.6486
57.7635 77.877
84.2345 53.5489
76.4573 57.274
77.684 25.1294
81.2739 63.3398
52.7434 14.3858
87.9923 68.8
68.8395 83.542
70.4717 70.0258
37.1742 12.784
51.7087 27.8289
49.8616 79.4896
26.8159 56.6044
14.1651 12.0726
11.9201 68.6092
74.3368 39.4704
15.6055 38.3976
47.1419 28.3717
70.4159 27.8655
74.2685 20.2827
84.8828 8.17268
85.0663 78.8144
8.70571 79.26
38.0185 65.9401
1.43039 5.32525
89.6925 68.6113
98.4959 38.6934
5.36889 36.1669
82.0533 42.9136
39.8369 88.7343
83.2702 10.3705
29.557 91.2752
34.3753 31.6461
53.6729 20.9959
98.6117 43.1913
0.833362 89.1929
45.6788 46.9428
65.0638 78.7673
39.7715 36.3652
97.0666 57.1783
6.98537 21.9728
90.443 34.4554
22.7515 68.216
5.11796 7.05266
66.7883 13.9708
94.0565 30.742
83.1252 75.2003
61.2854 49.7357
78.6923 97.2644
96.9514 68.3856
69.9127 98.1755
66.4329 2.63844
70.1663 27.578
89.0288 53.696
3.90145 10.0503
85.3132 15.28
5.24262 90.2315
63.2242 84.5584
44.6957 27.6135
16.8627 52.1555
98.5279 3.50239
19.9027 97.6824
92.1257 67.4977
56.1518 35.3973
53.9455 69.2942
18.9438 0.25056
92.1017 0.223462
64.0211 9.51807
71.7672 81.7557
27.1995 90.5252
49.1551 77.5806
70.3792 22.1196
71.5582 57.7956
41.958 39.0765
26.2715 32.8446
1.37462 45.9442
24.94 48.9703
88.6594 44.912
60.0875 50.04
12.3534 71.6798
10.6997 4.00983
55.6821 98.3641
12.4769 87.8499
71.0088 49.5297
66.2313 67.0036
20.0722 10.1662
41.5451 3.27222
81.5976 69.3635
20.4314 58.7126
69.3791 57.7826
22.0847 58.1217
16.7992 46.2169
50.2844 82.73
91.6761 31.0523
39.8052 18.9237
20.2938 53.2851
16.0102 99.0094
33.0223 80.4514
79.3307 26.6025
61.0094 49.1691
88.4843 17.3435
27.3127 45.1937
54.0355 49.8685
96.7499 61.8881
78.4951 51.5656
15.0382 64.8903
11.8102 90.8956
51.0893 97.9594
75.2377 12.6007
26.7843 37.679
9.19425 36.994
31.7363 28.0388
12.4391 46.0498
41.1305 64.4166
73.2245 28.4841
42.3531 52.5494
24.3403 29.3869
87.5975 62.7339
91.1675 21.707
63.5698 43.7928
51.3163 42.9198
59.1383 24.5602
19.7915 75.6708
93.1161 37.6086
88.7171 81.3856
14.7988 49.3978
64.162 37.6599
91.1628 15.7704
57.2293 3.59252
42.7945 78.0447
38.3399 66.9734
77.3148 90.3377
80.9128 67.2321
23.4352 92.8689
59.1413 69.2081
90.1193 66.1045
29.3054 10.1796
10.7225 26.5152
89.8737 88.0175
75.9973 74.7982
2.5622 72.6409
49.5173 92.4396
38.1223 30.5786
83.1469 48.013
19.071 13.283
89.0931 87.3195
42.9392 50.2427
15.7697 4.89705
74.9881 92.7503
13.7508 70.3805
39.0118 72.8972
5.44695 34.0907
92.0447 63.9186
19.0105 53.5246
49.5842 98.1908
37.6958 60.7028
38.4732 60.5195
56.9241 4.44849
23.3062 24.0312
60.4379 42.1615
58.9211 89.05
16.5803 94.2783
61.6152 18.7091
98.9798 38.2696
39.7518 38.6161
32.9094 34.7636
26.557 31.304
24.7735 47.6736
69.3383 24.4297
89.5238 92.8535
27.2963 77.5356
5.75935 72.2431
2.19355 74.2358
98.1916 37.4263
6.93422 28.7747
99.0454 75.4178
43.212 64.6459
62.6274 89.3377
29.0822 90.4217
45.2858 3.502
34.5532 86.6845
0.233581 61.8926
90.617 1.84893
33.9993 95.8249
26.2889 60.8265
49.9829 83.1603
70.3539 27.4063
32.1249 26.0226
94.2291 40.3621
83.8474 70.1235
49.3036 1.50233
10.4053 29.5777
70.6767 57.5709
18.8154 77.258
4.1248 10.7736
85.1864 84.4975
69.0072 74.3522
29.1902 31.0832
67.064 50.1922
77.8765 69.4087
59.0506 93.0227
15.8675 40.3874
0.547782 27.1058
35.3836 16.8368
35.1062 73.0443
41.8357 34.2376
69.8405 9.9697
24.853 53.9074
44.9843 15.7124
71.6137 4.79347
83.5875 29.5856
92.2806 16.4254
48.7421 42.5389
6.10395 78.1235
19.3243 77.9785
71.6847 53.0141
19.9416 75.7117
89.5734 7.08038
60.3443 3.64768
61.6396 29.912
88.6188 24.3598
48.8033 31.5876
39.3982 13.3638
11.1119 87.9741
8.42566 51.8625
22.4223 66.3653
56.3216 27.5336
55.6347 98.2881
31.1805 44.3319
24.1999 95.8171
37.5788 54.1741
84.3823 87.5169
45.2427 82.8685
30.3543 31.3658
90.9037 26.7367
1.38304 81.2734
45.2747 41.5481
66.6384 5.19556
61.9407 78.9349
18.316 23.4016
84.6007 78.0566
25.6604 48.3373
13.7617 69.7667
8.63659 68.0952
76.4026 60.8132
18.8348 58.4494
17.6062 50.352
27.9513 69.5319
53.9862 87.0683
72.0006 81.4261
59.5133 23.113
63.343 53.4368
65.7574 44.4326
9.00927 27.1564
73.7873 1.43404
96.9372 34.1668
61.7194 5.77819
33.9305 13.4102
61.9557 23.551
64.1524 85.3832
4.39066 66.451
73.5451 2.13934
93.3016 95.5156
65.7109 12.5234
62.8166 16.8305
36.3665 57.2741
1.89875 96.9184
2.31769 75.04
37.7036 34.3534
78.5824 65.6276
88.9925 40.8076
5.00406 36.4211
53.0942 76.55
45.241 84.4824
7.04519 10.6003
99.7079 9.78348
26.2295 79.6141
84.4371 29.6156
50.7922 34.0551
2.39861 43.2962
22.0406 63.8554
30.1064 0.116087
36.832 96.1612
64.4651 92.0996
53.921 53.0454
94.7517 54.5832
82.1155 34.7002
11.1963 18.2933
67.1688 77.8928
94.8963 79.5511
48.0666 52.9778
18.256 55.0029
83.0803 50.8458
58.4236 50.7066
77.8321 42.0592
51.1969 17.7278
13.0255 25.2745
37.3068 23.966
69.1801 75.4823
30.8238 30.4437
7.67614 82.3734
73.1657 59.8011
34.279 40.439
27.8155 43.9548
92.4352 51.1506
83.5858 37.5585
48.9323 7.53983
79.2831 41.3431
15.8843 1.19751
14.2565 33.4453
78.0065 33.4643
17.0369 62.8126
36.5421 2.05893
81.5964 14.755
64.7326 32.7576
40.5023 28.836
27.843 82.9895
46.5841 98.3771
96.3497 95.2076
28.7729 22.3158
71.252 12.8532
50.1691 25.6003
78.7314 56.8276
46.2417 18.2601
46.96 90.955
22.5964 84.7975
64.3043 81.9427
74.7154 80.9454
84.3365 30.3764
72.2494 78.2
99.3295 71.8649
99.5064 79.8064
82.0169 24.274
27.0506 13.9216
50.8405 30.3404
39.7932 56.6749
75.2589 46.247
46.2747 10.9556
80.2352 78.34
42.2684 79.0148
9.25157 42.0397
11.8969 80.1908
71.2224 3.44466
97.6116 93.2058
99.5479 25.5074
90.9402 5.42539
23.8513 15.3726
22.8049 56.4495
39.43 9.43898
36.0605 7.74404
93.6407 48.5346
85.5411 69.4331
98.4771 5.2735
48.5211 24.5556
13.5494 59.1235
21.823 72.377
31.9235 52.614
3.70477 90.9207
21.6684 86.0325
55.8893 30.0899
23.9422 73.7624
34.1892 94.5671
9.23012 57.3555
29.2894 20.7653
15.1612 45.0008
78.3768 36.9997
53.9651 75.689
94.2616 70.0233
29.9594 18.6909
57.5339 21.7132
41.6486 17.023
46.2636 38.6565
60.514 50.0372
97.9062 97.7575
8.83301 57.4731
14.0904 94.8383
17.602 77.3962
73.9989 61.2234
32.5561 53.9536
40.5855 67.8996
53.857 95.4515
52.2952 3.04746
48.2261 46.364
39.0261 88.1297
44.3039 44.1577
21.2609 30.4873
38.6766 13.3787
44.4716 58.7376
56.9101 26.8598
59.2635 67.8246
11.0933 16.3572
39.5628 40.7536
22.7244 12.3426
64.0835 14.613
98.3163 51.3924
93.9151 57.526
96.4967 42.9347
3.87776 53.1793
40.1806 14.5415
52.3133 87.9671
77.1343 55.9812
75.1096 54.8322
72.8863 81.9194
95.4373 90.4489
8.7201 21.7318
83.1169 69.4206
26.1991 25.8915
57.0757 84.6259
36.6285 61.8943
15.1873 75.8564
31.6716 47.1325
46.4263 18.1407
51.2867 24.3631
47.8816 93.526
91.2115 24.0548
53.357 59.9124
82.1928 9.50905
26.6144 74.6596
89.8875 58.6837
0.736372 99.0972
36.0116 49.5125
8.58621 13.9292
70.0274 43.7619
8.6617 95.0924
53.0175 66.0942
68.5522 20.1058
52.357 51.6478
91.2113 42.6578
90.6871 99.9028
32.1581 16.2521
7.75836 15.0876
90.8019 19.9241
38.1883 49.1571
32.7889 0.910408
41.1724 47.9715
73.0562 13.3711
6.81236 5.08825
92.1916 9.21515
44.3227 30.7618
67.5043 28.6919
9.30808 85.5245
32.0043 91.7382
21.4825 27.0875
38.4723 3.01141
33.4037 71.3967
43.5432 73.618
97.4844 92.4533
32.9837 68.3787
49.6796 28.1701
18.4893 37.1672
36.9129 86.4058
18.6552 56.4196
87.3412 12.1027
50.4395 98.974
99.8555 47.3528
56.431 17.0943
33.2151 92.4718
49.5372 41.9325
71.8007 61.2624
98.0024 84.1711
25.1052 56.4698
39.047 24.5281
65.6916 71.2306
15.9531 89.5829
82.7795 55.6401
57.4787 36.6378
19.8302 64.0364
90.3511 78.8226
0.999975 91.6082
57.3525 63.8468
11.2837 17.6689
75.4613 67.5876
64.0826 59.8009
26.7529 3.71121
2.35028 91.9524
88.6307 84.9636
31.1358 97.2897
41.6648 63.2604
37.9278 13.9715
69.1826 62.8536
44.098 84.4831
17.4201 18.1121
59.014 20.9415
55.5161 58.8445
30.973 7.88482
54.0223 26.3198
1.53034 78.7045
57.2715 35.5998
63.0676 45.3833
81.0148 53.3655
38.841 72.1591
16.6936 57.0277
29.6248 13.4702
15.4974 42.0989
78.9975 37.9562
26.5978 34.663
32.6828 61.5167
46.2573 39.2665
98.8177 80.256
84.3277 17.6492
99.5688 16.115
57.2078 18.21
94.6902 99.2835
77.445 90.0277
81.9385 82.0562
41.1347 21.9058
50.7635 85.4843
58.6893 43.4896
85.8245 55.58
45.4957 32.791
50.2457 84.662
55.0492 65.2716
34.1572 23.5533
70.575 87.6496
70.0806 42.8822
46.1086 0.994339
31.0131 95.4307
53.1722 77.2447
21.6491 48.5743
78.0772 95.1111
95.7906 65.2719
53.0109 3.47678
74.4559 16.0742
58.275 24.0005
84.144 14.505
85.745 36.1641
81.3952 74.3286
45.4265 52.859
58.6075 51.0247
76.1047 72.5788
52.0257 57.2272
89.1483 10.2608
21.9371 20.816
69.5373 68.4347
12.5346 79.8616
51.2347 17.3295
49.566 33.314
94.2822 54.1744
24.0323 75.8049
14.3172 10.2207
85.0927 26.806
24.2431 99.6707
30.1144 38.6131
13.6081 26.1515
12.4103 72.7735
84.2835 11.3025
35.7859 39.858
99.7699 83.8412
63.7229 76.8397
48.9426 40.3418
47.9169 22.5419
98.0272 51.9749
12.824 87.4473
94.7504 37.9069
56.987 65.1529
62.3611 72.675
84.3005 41.1728
42.7348 25.6251
72.0528 32.2405
95.8732 9.76644
26.8659 34.7623
7.65812 20.3098
93.7463 48.3577
98.7828 88.8379
82.8816 31.5555
9.07404 99.3811
15.4168 21.2653
42.4553 76.5892
9.99877 45.2196
19.5158 69.3464
76.8502 6.33997
99.6022 64.9834
71.835 47.4348
53.0819 15.7156
31.4036 87.2572
17.5351 27.922
45.7497 31.3755
20.7566 68.0262
71.5395 48.4177
95.5054 84.8326
53.0435 7.46708
99.4579 19.0772
46.4934 11.166
51.2268 81.4841
55.0485 41.7323
14.1727 35.7406
74.1622 47.4934
56.3873 0.912617
78.3405 89.8215
63.8099 20.7124
60.9628 8.57956
68.9645 38.2506
83.1164 17.493
35.4972 15.6177
91.8921 15.1942
95.4337 53.6306
69.449 20.8638
29.7108 19.4415
14.1237 31.5444
74.7011 51.3
24.3561 38.9388
61.4744 54.8306
19.8797 65.3555
29.1714 89.4025
55.9958 66.1357
40.3392 81.8605
79.9388 34.5951
52.6741 98.9931
10.1991 87.6535
62.493 33.4619
26.2707 6.36294
16.9568 33.8143
22.8051 54.4994
73.8149 79.0819
8.33365 12.4889
26.5186 34.2538
37.2703 2.02207
93.6587 45.022
60.9897 18.6349
26.2078 54.1933
84.962 37.8021
4.25655 25.7419
47.1453 4.04052
24.5708 4.34943
15.2649 8.15132
95.1579 71.1069
30.5556 26.007
85.5716 45.3464
87.7349 29.4739
56.6118 47.013
59.4193 86.6241
90.6859 98.3096
89.6472 10.0973
38.609 78.0518
36.2131 18.5632
59.3352 78.8574
26.1201 65.6458
54.6082 80.9054
41.2455 70.1526
62.3842 35.3683
68.3346 56.9536
82.3871 46.6088
18.6396 76.168
97.496 68.6519
91.8023 87.1992
12.8452 14.8546
20.3559 49.6683
15.665 74.2479
52.2524 27.1358
16.4 74.4301
42.4528 28.7958
49.7372 60.7201
42.0144 30.8368
43.0933 63.3214
22.4275 92.6328
23.9991 48.4953
91.6411 29.5182
99.8258 1.27856
80.3743 24.9471
81.3856 54.5814
40.5834 86.9029
49.2711 29.4218
4.08322 70.6087
97.7212 48.8156
71.5143 29.83
69.9527 14.8628
48.1149 57.7352
92.3717 99.9916
5.68655 65.4341
31.8203 38.7895
35.7328 4.82721
95.5932 18.3539
40.3005 87.2939
83.1914 63.7041
2.56526 0.712423
42.5967 67.7609
12.61 62.2274
21.3854 90.5657
16.3721 25.9261
78.8185 81.7771
92.4231 39.1157
36.74 8.64064
7.56017 11.1354
45.7702 57.3424
27.0179 1.20611
70.5007 4.9024
90.7877 31.8467
40.435 30.2636
48.4695 54.0258
0.244135 81.4046
29.1604 90.9676
67.3566 79.9606
26.7938 87.767
76.1429 44.7301
88.3609 10.9707
34.4508 40.2199
49.8733 75.8083
88.095 71.4232
96.1067 2.76647
6.86557 1.9903
93.9729 86.1555
93.0219 20.4517
61.5506 50.6123
31.2807 71.699
9.35207 45.0521
59.5194 98.3369
79.0948 62.4397
19.3306 19.0759
46.021 48.3775
18.4279 56.8319
4.46062 29.2412
11.5701 8.01377
86.4273 10.4861
9.72539 21.6672
26.0928 84.8486
64.2219 7.77287
75.8124 43.1393
56.3588 86.1073
22.4991 2.90848
40.7338 52.0037
57.1402 96.3827
3.3405 3.335
69.0664 18.7779
57.228 0.643073
27.8723 65.7871
61.2848 51.1437
1.06861 56.9369
83.7541 74.479
53.2555 23.1166
43.7381 50.7683
3.3249 83.7853
6.33582 35.3269
4.30805 61.5799
81.9826 62.1636
12.2793 2.03028
94.5548 98.9377
98.3183 11.4243
25.5316 3.00215
68.7974 48.6839
48.7495 72.616
53.1647 86.0337
73.4227 70.3888
17.826 71.7032
69.5173 20.5464
17.4115 48.7195
44.0357 99.1274
78.542 43.0864
70.087 62.3644
23.5888 59.2885
76.7919 60.191
34.0095 98.0297
33.8578 64.4506
23.1686 9.68245
93.1063 30.2315
82.974 12.1564
21.2663 77.4362
69.5545 3.65416
23.1584 36.0097
46.1093 59.833
36.3651 79.5334
48.4336 18.8484
88.8236 33.839
55.7254 97.5995
86.7469 29.6135
57.7432 44.0984
76.1553 82.2198
65.7204 73.1427
56.6957 44.6839
31.0574 80.3112
74.1605 49.5293
97.7633 48.3708
7.37579 14.8127
47.3632 25.9505
62.5285 59.2909
77.1232 13.2251
23.5574 74.0813
44.7132 25.8871
70.9315 82.9843
75.7272 44.5513
60.0347 72.1995
59.3573 97.4533
35.9191 5.80979
66.8979 20.7437
1.53448 43.003
71.5486 66.4789
21.0928 50.507
71.2775 61.7348
43.7186 39.7577
59.4322 33.2428
75.2097 56.8406
28.4876 38.8832
84.7119 59.2093
81.5538 87.7624
21.0515 77.7528
88.5245 46.9534
53.359 43.4433
75.4447 9.51531
88.8322 7.79368
94.1106 67.1464
15.154 90.4519
88.6016 1.72734
28.1044 83.8073
20.0607 92.7523
15.1938 19.7882
22.0477 87.2298
2.40876 33.1554
64.8051 2.7577
6.91036 97.3175
85.7517 33.9106
8.58038 50.764
19.8934 46.6944
75.9204 54.3242
97.1251 82.9096
75.7277 51.9753
43.5227 66.1279
36.7119 49.902
81.7937 59.5533
89.9428 25.0459
99.5197 62.1411
88.9855 48.5311
61.3808 51.9802
92.0996 81.1645
39.7526 79.4274
21.173 11.0285
78.5861 84.3112
84.4877 23.9506
62.1351 45.8037
84.6211 54.7768
5.19882 39.1958
50.694 66.8857
83.5139 38.3101
10.0307 2.7388
42.8443 39.006
97.7991 30.2329
89.3929 4.25208
77.8093 98.1341
60.9728 50.0912
50.6118 1.10776
79.5554 71.0977
58.5051 34.7817
86.8621 76.1993
7.50684 72.172
37.5776 40.0318
62.8828 10.7188
59.7949 1.03566
73.7908 38.6328
22.4837 53.9422
39.8333 12.5662
28.1601 69.5199
71.4879 23.1861
37.8543 9.87624
5.02344 44.3077
54.7756 36.0946
80.015 50.8261
30.9359 98.7049
60.612 16.5777
59.781 56.1664
56.2779 95.9985
98.1214 55.498
98.0689 87.1156
81.2326 45.1966
82.6041 43.4003
53.4558 85.862
75.7542 26.6509
72.7169 58.2163
65.3291 84.0657
87.0291 69.1906
55.5425 56.9681
24.2959 87.0333
60.5563 57.1916
97.5275 39.8065
98.4541 32.3234
55.2311 83.502
74.8906 41.4919
45.9354 79.7033
40.3107 97.3686
70.5064 45.9784
65.1214 27.3279
91.4906 83.4797
22.4393 74.4203
24.8897 37.7658
95.6236 89.8389
99.6165 75.7111
88.2162 55.4382
53.7472 4.91383
23.3901 40.4469
53.1596 22.0013
41.2258 17.6358
31.3738 66.9464
37.7729 29.4642
47.7554 31.8841
50.4862 31.514
20.4959 38.9822
10.4051 81.3453
78.664 16.7432
84.0222 11.6441
54.3964 91.0857
31.6294 68.9221
1.16191 27.065
73.6858 82.5342
23.1026 80.1993
67.3403 24.8379
5.52798 63.0722
98.0772 99.4555
98.2046 85.6195
17.6473 67.6457
64.4233 90.9365
18.9265 91.3341
44.304 49.0423
70.5866 71.5373
55.432 33.2985
32.0111 5.79909
64.4005 70.2216
21.3695 73.3911
52.9512 60.0523
49.3309 33.3946
69.1146 37.3973
41.4479 87.3864
67.7943 22.6324
35.4346 4.37578
17.5625 23.7875
31.0792 28.6196
64.958 36.1008
99.4094 81.3978
83.4144 61.5961
90.0257 20.2978
71.5616 94.1379
5.67534 0.0179927
9.99934 51.3628
7.19606 67.6554
35.157 88.0129
15.4045 4.45729
59.2973 15.4283
91.5718 85.7479
75.8058 33.4863
55.5045 46.0711
47.9219 80.7309
63.9317 28.6665
28.6459 60.2747
27.928 20.9237
92.7004 74.061
78.4907 77.5728
61.1555 63.3694
79.5241 78.0547
50.04 14.3363
93.3636 36.6545
58.5162 97.2774
54.5057 15.7112
78.6632 54.3967
95.7526 85.0697
11.0898 24.2698
16.2602 3.54187
61.337 37.8545
93.4306 35.5756
98.3246 23.1034
89.7174 20.0123
95.1092 63.367
98.7641 47.3206
37.0562 69.6929
74.3403 64.6177
86.4541 45.8051
20.5249 44.0899
51.5232 4.88808
30.1702 87.4431
71.9232 12.6128
51.5799 44.1702
63.2246 67.2775
37.6101 2.99112
44.8077 90.7852
79.7073 5.85192
84.4666 71.8256
76.2352 6.96944
96.3705 89.865
11.3885 10.3111
21.2952 6.49106
72.8676 52.1198
25.3309 70.9523
93.9823 94.0156
79.134 18.7754
60.341 8.08727
38.9827 0.184102
18.6756 13.3348
96.9962 42.4561
4.37172 83.064
60.5144 44.1269
42.5423 2.85228
68.3658 63.7412
90.072 97.6956
11.7721 42.5485
42.7625 66.7358
43.3643 92.9462
18.6634 91.9763
39.8128 39.8447
46.2451 22.592
62.2314 55.2237
84.4909 32.6765
71.7821 60.2538
98.5506 50.4383
70.4976 68.7784
91.6639 90.5995
78.1346 90.8217
14.6729 35.6189
99.4769 98.3603
46.1128 15.6909
98.6637 81.985
48.2044 15.7721
67.0821 79.7136
92.6403 11.2988
99.9361 51.0267
97.9474 84.626
73.2413 71.7566
14.7577 25.9668
50.2778 36.3914
44.5583 90.5882
33.2815 65.682
41.3859 86.0814
85.2454 89.7868
25.247 69.2128
83.8104 59.1575
66.4955 56.0382
14.7599 65.9314
19.0954 41.6302
28.5551 42.9337
19.6208 33.1759
0.619727 52.5616
68.3934 37.9766
99.2675 5.4361
87.1202 48.5166
58.9239 0.241256
1.80571 61.5694
27.8048 41.8924
75.0162 46.5043
91.7262 1.81363
16.2487 20.0645
93.6018 66.9565
51.0263 34.3832
33.2923 78.0723
58.6173 70.2644
99.6266 61.7013
38.8697 22.8355
1.25734 5.60347
64.4808 94.3857
23.621 77.3395
72.5662 39.4958
34.1744 5.67133
14.4171 81.9782
73.7565 22.6226
1.0449 8.99031
49.3773 77.9621
89.5451 15.2315
14.5427 89.8897
71.7777 32.4092
85.2349 97.5613
53.4408 8.88645
49.8355 32.8256
27.5716 11.9987
28.6769 52.6611
49.9335 99.3094
11.7216 24.3458
80.7207 75.9578
69.2702 43.9567
57.8092 91.8281
2.90772 52.1105
42.5019 67.2779
96.437 65.949
58.7844 48.7102
29.3015 78.8958
38.7202 37.8319
68.4041 82.2164
44.4345 84.7153
26.134 39.0568
91.371 67.4102
16.3867 29.9693
93.8578 62.6402
34.4522 55.2423
57.8116 86.2572
32.6769 32.3449
17.2453 48.7696
38.8358 59.342
12.1115 84.1692
41.5275 59.4929
28.4832 51.6508
11.3952 51.2102
71.4956 55.6937
53.499 55.5515
52.8163 87.9104
89.379 59.8127
19.4625 56.6894
0.935627 13.5558
8.89081 86.564
26.4521 66.924
70.6106 81.9018
30.399 97.2272
86.3476 73.4324
80.1757 84.0569
9.1535 48.213
66.9373 5.29213
27.7161 38.457
65.6791 27.6292
0.0999632 97.0947
86.6892 20.7916
40.5933 64.3218
4.99623 41.5761
63.8985 16.029
73.5029 75.7637
40.2093 95.0195
4.78261 23.7215
43.0127 41.4913
86.3996 0.502692
33.5886 81.7452
2.61858 19.0186
61.1668 23.772
38.2667 42.8123
86.6092 75.324
99.6646 27.949
85.0659 59.1376
23.6465 24.6169
56.8725 17.0651
48.7081 93.8595
84.7424 78.4349
70.8706 37.5816
64.1807 33.7091
19.7094 52.8402
15.3326 95.0718
66.141 58.3473
85.3664 85.9064
25.9435 43.7881
13.8928 70.3807
62.278 64.8763
32.3993 29.6205
7.6643 61.9121
8.69056 69.9949
70.2455 34.2849
93.6962 20.7848
67.7491 57.5696
51.8754 30.1496
84.8634 95.0959
50.8897 6.05864
52.6514 8.74342
23.4659 53.981
43.1966 53.6676
33.4564 14.9021
93.0997 48.5894
95.2101 52.426
40.2022 40.0033
96.5103 13.3437
49.4968 27.9052
72.9944 36.7831
63.5619 72.6156
91.8013 75.6218
31.0769 6.41705
7.7088 83.7417
69.4081 61.3153
92.7333 30.3743
61.1766 3.28539
34.2819 54.7628
98.8541 0.815344
3.67638 36.1008
44.7486 2.73846
25.2714 9.14909
28.3972 35.4796
52.3492 98.5293
25.9105 89.6992
23.2655 96.0239
85.7689 41.5917
86.5396 27.509
94.1071 72.7389
30.9963 21.2652
25.9829 63.8292
46.7979 19.2345
67.7698 96.8981
1.22357 12.9142
63.5728 72.2995
48.5941 74.7774
0.0286673 37.0243
2.73747 43.9537
49.2202 20.729
34.4117 35.3929
16.7772 83.459
81.4811 5.93917
41.6163 39.4811
59.9927 83.8948
11.2035 82.0967
68.6681 80.1789
77.9968 96.8884
81.2922 55.6696
36.457 22.3044
72.8516 85.485
94.1745 55.3149
75.1888 12.317
26.2054 79.9839
51.2603 16.852
78.3456 35.7516
23.2097 91.3318
5.69054 59.8406
52.1439 22.2944
27.4578 55.8746
85.444 58.0598
4.53402 82.1374
99.2541 80.3341
17.0517 15.5318
41.7351 90.3683
32.7976 20.4336
34.2778 42.0736
80.4389 86.1699
28.3733 10.7106
45.7756 11.7568
97.8538 21.479
45.8552 58.5422
43.6735 56.6136
45.6617 56.6516
85.6773 25.43
49.8289 23.1542
26.0278 40.7698
33.8861 64.4515
12.8728 32.6732
96.1267 55.2398
97.9069 33.9527
27.4715 67.845
48.3193 66.5041
20.5747 35.4853
0.965202 73.0049
96.1263 1.62597
43.3608 83.587
57.661 50.002
0.49297 15.1582
95.9315 21.8211
92.8205 26.6633
58.4488 87.5804
78.972 67.1496
48.3828 14.4047
44.331 89.6599
89.7921 37.1902
43.5253 22.3119
51.8181 26.7129
96.2667 2.14886
15.3227 25.7701
76.8051 30.5766
91.7626 80.111
69.5757 48.882
61.4471 24.3948
21.7976 0.945579
84.4305 94.1214
50.3967 18.5316
89.0879 2.56309
94.7152 94.0547
41.2708 98.8134
94.1916 54.9348
15.9386 91.6351
24.7318 5.56648
38.9937 86.4445
23.0649 85.9713
25.7327 39.3664
92.6017 75.0528
37.0628 45.5734
22.2116 41.0239
50.8578 48.0396
73.6712 55.4193
28.6945 63.4371
30.3359 90.3298
71.3173 37.0588
81.0637 7.12433
69.759 70.6163
41.8775 95.8829
0.0967975 95.1403
48.1514 32.6195
53.3077 47.6857
58.3417 51.394
24.3429 93.3177
11.4456 80.7538
53.2619 16.7083
18.4259 76.514
80.0953 39.0332
6.70413 35.5484
10.1439 93.3455
38.8402 24.4831
6.35664 71.0256
5.5854 7.10749
33.1125 59.7619
45.0914 46.1212
24.9848 27.3368
33.3673 32.0296
65.9489 69.7215
89.8098 75.4229
18.4394 78.7826
99.9163 45.1193
82.6981 36.9808
12.8215 50.7296
48.6967 34.1838
38.558 95.1811
18.0919 26.1953
82.7464 31.4632
3.92368 38.9425
5.40077 28.2343
76.6744 9.29881
92.22 11.8313
22.3568 42.0934
11.8925 62.7267
10.4827 75.6694
92.8699 66.6734
71.1517 12.5119
95.6548 43.591
52.3302 96.1878
19.8487 88.8402
65.9646 59.5674
57.8493 91.7609
9.02686 71.0444
54.2374 98.2263
8.33523 10.0211
25.9931 8.20035
76.648 82.5415
2.58892 72.8563
21.7333 54.9751
82.9131 34.0061
58.3245 83.0525
97.6489 6.5582
68.5221 60.2723
86.5026 21.6117
41.731 84.4867
2.34689 93.8511
83.167 5.42417
46.0821 74.1989
53.7633 73.8037
6.28474 63.6832
33.5638 49.7852
59.653 60.7198
21.2774 38.2267
31.9217 10.5601
79.2858 8.94982
27.9629 65.5698
35.9912 15.5079
87.9127 19.7662
41.7738 3.12289
87.3964 20.5825
13.6617 62.0133
47.9864 49.4832
82.005 99.9124
48.6397 27.3891
40.5379 61.3777
16.4485 34.7958
5.78604 26.8611
65.9739 67.9094
50.5206 69.0289
49.58 51.2249
50.2806 18.8386
89.5696 72.182
55.3611 54.7619
6.21342 42.6407
81.4663 47.5874
17.3685 69.1317
98.0284 18.6476
79.2862 23.0735
8.2741 62.756
92.6051 88.1971
47.2523 6.26527
65.5652 9.24057
51.547 58.2502
47.9552 6.40969
33.9963 31.9654
80.2635 93.4793
76.4649 78.0239
24.5488 4.28831
90.1845 29.9506
29.3079 34.4133
88.6789 83.8347
44.1526 84.3947
63.8369 25.4404
98.1799 30.2852
64.4659 24.7429
36.1713 50.3971
4.46537 52.9399
75.9975 97.7976
69.4983 67.315
86.5269 14.1733
77.2748 72.5902
2.90758 45.4406
63.6488 77.872
85.9008 25.6658
45.1588 96.6539
75.4601 71.077
66.2687 66.4189
88.2969 64.1609
41.1513 68.6129
19.6028 3.29458
37.8571 52.5533
1.51788 67.1841
7.43405 99.5471
73.4928 96.1234
85.9736 82.6784
38.6364 74.8352
23.7247 41.8641
78.1579 30.0113
76.8819 79.0827
11.1304 63.0153
88.6136 87.5548
46.6285 80.4584
96.7966 16.0969
28.6812 7.24684
21.0892 43.6773
46.344 10.4808
23.2107 33.2556
86.5837 44.2712
36.4057 50.7687
97.1793 3.2179
98.2898 22.2388
15.3035 41.92
30.2956 64.6417
22.0292 55.3135
7.39072 59.7296
47.3398 16.7168
80.9762 61.7271
71.4777 1.8334
17.528 71.2617
77.9216 55.2778
7.15397 68.9113
5.02482 95.9846
59.6798 46.5392
64.7657 85.8322
17.0162 22.2598
54.6039 21.7733
53.0365 14.4262
31.3474 30.7733
85.3931 75.4075
70.426 6.97564
3.84452 39.7991
34.3243 54.7254
47.146 40.8894
52.5894 57.8168
26.1404 84.8393
49.2871 94.6659
34.1779 80.8843
33.8455 92.2433
4.2904 62.7285
97.3743 17.0018
32.4773 22.932
4.39445 84.7277
57.0154 21.5021
92.4637 92.8986
14.3552 9.79986
8.04405 54.8595
11.2287 76.0714
48.1517 37.2765
43.6225 21.1875
0.16073 53.4962
0.298333 99.9182
73.7036 51.1069
90.3734 58.182
47.0629 44.7444
20.797 17.0937
80.0924 0.205481
14.7418 49.6616
48.362 23.1934
78.9685 50.9371
37.1104 35.7228
88.6575 25.8079
75.7138 86.3892
96.658 17.2692
53.814 4.11803
52.5709 1.71383
10.8751 53.4959
68.9791 15.8026
83.0878 65.6216
31.1414 55.6572
18.9308 54.3343
35.2517 95.5962
47.045 18.7619
74.5908 90.3812
75.3554 30.0082
58.6757 83.5687
39.5284 11.2544
29.165 8.26255
28.1598 68.0391
31.4516 60.7004
94.2342 91.8562
18.7237 71.8968
84.9472 53.3058
70.9652 76.4277
38.3917 16.4236
28.47 84.6598
56.2055 67.3398
18.0728 19.4087
74.8989 54.3926
0.542691 24.9854
62.0411 66.1211
65.3609 14.3881
68.3332 94.0589
11.0217 33.1625
28.887 27.5162
32.4326 50.3062
75.7746 36.731
27.3918 78.1263
98.6336 50.1569
5.05017 47.6175
22.7347 93.7721
95.9235 77.358
60.5885 23.0482
20.173 16.3928
7.45369 30.1737
36.3963 18.1717
31.1036 82.6079
30.1153 30.554
15.4465 85.4099
52.0347 6.39997
13.3095 45.2904
39.9784 88.0138
38.1315 24.3358
94.9709 74.014
82.1007 85.7834
89.275 84.2343
77.9717 59.0688
43.5255 45.0181
79.4186 65.3138
41.3726 16.3313
72.3404 16.5103
96.0053 19.391
73.5793 74.9808
10.9593 26.5104
97.9876 86.2148
70.668 5.88302
84.3836 31.2673
59.6708 1.11972
70.3997 83.621
55.3152 52.391
98.038 85.6672
91.2921 4.80351
64.8058 2.03293
66.8169 40.7253
73.0296 50.9916
56.0209 91.1387
23.0658 71.2158
98.288 2.60172
98.681 25.7309
50.4933 76.7019
20.692 94.5699
52.4193 82.7642
70.8537 80.2362
44.7697 49.7736
81.3115 73.2567
75.9578 32.265
14.5925 83.2664
58.9906 52.0633
13.3086 28.43
86.3903 66.887
39.2643 7.93514
50.2072 78.2883
43.6784 14.7374
88.089 15.2158
26.8095 26.2221
40.3291 52.0913
80.4177 10.1787
43.1439 10.3704
83.4792 34.5243
4.14803 31.8585
15.5248 25.5283
10.0744 44.1882
44.3945 26.2333
72.7364 30.8984
58.8963 71.5225
73.638 52.6607
39.1642 12.7433
46.7645 18.3834
1.8529 94.818
24.3241 25.8973
57.3705 10.7726
44.1259 43.1417
94.1538 17.7379
39.2551 35.2441
77.1516 44.9141
41.752 11.794
79.5529 49.8371
42.3289 96.5933
86.7871 19.954
34.1087 2.8625
70.0716 18.8012
17.2977 5.23929
93.6657 57.6539
20.7451 67.9819
76.6096 10.3611
63.304 18.2333
22.6472 34.4351
42.5284 62.2159
61.297 69.6405
42.2234 24.5727
75.2195 32.4004
6.5052 33.4328
47.9954 58.0007
35.3587 98.4261
47.7356 73.9273
26.4962 9.26553
61.6782 15.0058
16.191 43.859
26.8678 81.2998
78.3438 90.6384
93.2896 85.4872
67.3614 0.168027
36.4361 14.481
42.2038 23.2619
49.755 19.1043
18.2399 82.2229
78.3655 41.902
96.3909 40.3266
76.6216 45.1745
59.3648 72.4088
98.5912 70.1153
72.4825 31.1783
84.2798 18.7528
87.8619 63.1234
84.7047 16.0819
81.3736 54.0255
94.1289 30.3563
20.517 30.3194
65.5234 64.6094
7.47975 36.1369
95.9424 89.853
35.3535 55.0731
28.6083 55.6045
22.6858 59.2271
14.0952 90.8648
42.4144 42.2485
38.4095 34.4422
30.6958 45.5493
51.9274 77.5361
65.9342 25.738
42.8756 53.9984
13.6913 91.9463
61.1662 81.9629
95.639 83.8419
29.7011 19.9912
85.2134 43.9511
64.446 14.8625
6.08912 5.2104
59.7701 23.1404
20.9626 8.05013
17.3432 87.366
27.899 93.9444
91.1248 55.7335
85.6033 27.7667
46.4175 38.7773
34.3691 25.1053
40.818 87.0849
3.71492 45.0194
7.30274 68.9358
18.156 25.0307
20.8674 95.3088
14.8861 61.1801
49.5889 95.0685
65.1082 64.0114
4.33963 7.65035
51.044 71.3134
4.50226 98.2588
75.9795 73.3568
30.7659 1.52713
14.0481 20.7035
50.2144 33.1195
85.3139 53.058
31.0274 85.2258
74.3365 15.0133
90.5437 62.2833
35.1606 53.832
7.39382 83.1011
96.7596 54.1903
85.2073 97.0533
74.3495 85.034
90.516 30.2919
13.0106 26.3317
72.5867 37.2383
2.31986 85.8017
43.4292 40.4842
20.6775 4.2764
89.5669 92.9163
58.3925 90.9154
32.3357 68.4738
17.0042 99.2909
29.8729 59.98
88.3259 40.0178
45.0243 24.5994
78.5171 89.4219
38.9491 87.3176
13.1167 59.1903
93.8658 72.5586
3.00899 96.8624
23.5405 8.15315
91.9261 14.4878
44.1421 27.539
43.5632 76.4929
38.023 97.2085
64.2288 67.4747
83.0043 44.9455
60.2394 85.1707
94.9667 39.3894
95.396 67.9005
37.8476 42.9233
30.8974 63.0215
88.2487 16.9225
94.8172 41.7738
55.0269 74.023
39.9847 25.8343
14.6662 69.1485
68.9968 96.8188
53.7256 19.527
77.6743 25.8645
29.5111 80.9382
48.5905 96.966
61.4723 36.0249
77.1174 7.0857
81.3371 65.9685
66.3619 74.4729
30.2282 79.6927
2.70063 99.4523
4.4739 62.8452
46.3215 78.3686
77.0716 64.9095
51.7903 54.2061
76.6566 93.8476
90.2893 59.838
2.68411 40.1407
23.1386 78.2612
40.2822 62.6527
63.5874 14.1608
0.49699 30.1586
1.08493 35.9009
98.2482 89.2507
40.8629 14.7489
6.89338 51.7097
98.0034 9.38523
91.8341 50.3968
12.1815 39.8709
41.5533 54.3917
60.318 79.8034
64.2596 72.212
36.9634 94.0996
12.8851 12.947
49.1282 65.3385
84.6011 95.6292
90.0655 88.243
14.1189 34.3872
55.2122 76.7909
82.3521 55.0321
65.5146 77.2926
77.9965 22.3099
6.723 3.9813
99.1582 90.62
85.6424 22.749
88.7312 25.101
17.7649 75.0455
16.6907 13.2203
93.1113 20.4255
7.54494 41.6251
45.9717 33.2725
22.2561 65.9384
86.9561 98.2113
92.7887 77.8933
93.8409 70.0979
20.6263 86.2211
8.40961 95.7346
83.2847 75.4786
36.5382 75.8659
97.3574 29.6485
27.6016 61.014
51.1843 61.4684
91.7179 67.8176
24.8235 83.5268
7.79694 84.6041
59.5235 89.8448
71.0473 6.88863
47.5833 69.084
43.8559 72.3163
24.0632 89.4887
23.3866 11.1674
41.0714 94.4617
43.1318 26.8774
47.4563 92.8024
13.083 84.6891
55.8048 7.02747
18.0196 56.8561
24.3244 72.4276
61.8394 6.86257
55.1113 12.4629
10.2171 44.7109
45.5425 31.2913
75.8844 41.9537
10.5628 10.6729
63.8634 48.37
8.57784 30.7914
92.5073 74.621
99.3202 73.1608
68.2878 98.4606
90.7244 42.5464
26.4126 54.0184
6.36624 20.964
57.9497 69.3238
81.4618 50.9456
1.34748 13.3517
77.4531 63.0758
4.16146 28.4914
48.8538 45.2622
89.2498 49.1562
19.361 58.1514
69.6691 32.0612
48.6083 81.8245
15.9832 23.5512
70.9649 16.3644
44.1399 87.0336
85.3 69.9259
14.3664 44.0976
20.5252 33.3602
88.4696 19.336
31.9405 27.6214
23.443 0.357086
63.4271 62.4652
1.53282 96.5215
97.839 8.64183
98.7916 64.3206
33.6377 34.9068
74.6866 28.4477
